"лп","2014-08-24 23:03:01.314129571 +0000 UTC",1,-6,2,-5,3,3,4,5,5,2,6,-3,7,2,8,-4,9,4,10,1,11,-4,12,-1,13,1,14,1,15,-2,16,-6,17,-2,18,2,19,-2,20,-2,21,5,22,-4,23,2,24,-6,25,2
"ля*ь","2014-08-24 23:03:05.302939506 +0000 UTC",1,-12,2,0,3,-6,4,-4,5,-10,6,-2,7,-2,8,-3,9,-1,10,0,11,-13,12,-7,13,-5,14,-7,15,-11,16,-3,17,-10,18,-9,19,-10,20,-4,21,1,22,-7,23,-8,24,0,25,2
"-иъя","2014-08-24 23:03:16.152003406 +0000 UTC",1,-12,2,-6,3,-5,4,1,5,-10,6,-3,7,-12,8,-9,9,0,10,2,11,-14,12,-8,13,-9,14,-5,15,-9,16,-6,17,-11,18,-9,19,-10,20,-5,21,-1,22,-10,23,-5,24,-5,25,0
"-жыг","2014-08-24 23:03:16.914788589 +0000 UTC",1,5,2,-7,3,8,4,6,5,6,6,2,7,3,8,-5,9,2,10,4,11,5,12,6,13,5,14,0,15,7,16,2,17,0,18,4,19,4,20,-1,21,0,22,-5,23,5,24,-6,25,1
"эбдд","2014-08-24 23:03:12.581631543 +0000 UTC",1,-9,2,-11,3,5,4,7,5,-3,6,3,7,-7,8,-7,9,6,10,4,11,-8,12,-6,13,-2,14,0,15,-6,16,-8,17,-5,18,-7,19,-4,20,-7,21,-5,22,-8,23,-3,24,-5,25,2
"йс","2014-08-24 23:02:55.237382403 +0000 UTC",1,0,2,7,3,1,4,1,5,-4,6,-7,7,8,8,1,9,-3,10,-10,11,0,12,4,13,-5,14,-3,15,-5,16,0,17,-4,18,1,19,0,20,-2,21,10,22,2,23,3,24,0,25,-9
"нх","2014-08-24 23:02:55.871086542 +0000 UTC",1,3,2,-1,3,5,4,7,5,6,6,3,7,-1,8,0,9,4,10,7,11,3,12,5,13,4,14,2,15,5,16,2,17,4,18,5,19,5,20,4,21,5,22,0,23,4,24,0,25,5
"иф","2014-08-24 23:02:56.698594857 +0000 UTC",1,6,2,-1,3,2,4,0,5,6,6,9,7,0,8,5,9,2,10,4,11,5,12,7,13,4,14,5,15,10,16,3,17,11,18,3,19,9,20,14,21,5,22,4,23,5,24,8,25,8
"иёц","2014-08-24 23:03:04.452035315 +0000 UTC",1,2,2,5,3,-2,4,-1,5,0,6,2,7,-1,8,5,9,4,10,-2,11,-2,12,3,13,-2,14,3,15,0,16,5,17,2,18,3,19,1,20,9,21,4,22,4,23,1,24,6,25,-2
"ксру","2014-08-24 23:03:12.294739585 +0000 UTC",1,0,2,-1,3,5,4,7,5,5,6,-1,7,0,8,0,9,5,10,-2,11,2,12,5,13,0,14,3,15,8,16,1,17,6,18,7,19,5,20,2,21,3,22,-1,23,4,24,2,25,-3
"ягю","2014-08-24 23:03:08.019868815 +0000 UTC",1,-5,2,0,3,-5,4,-2,5,-6,6,0,7,-3,8,-2,9,-2,10,0,11,-9,12,-3,13,-5,14,-5,15,-8,16,0,17,-8,18,-4,19,-6,20,-2,21,2,22,-3,23,-4,24,-1,25,0
"азэз","2014-08-24 23:03:10.219984961 +0000 UTC",1,-7,2,-8,3,3,4,5,5,-5,6,0,7,-6,8,-6,9,5,10,3,11,-5,12,-3,13,-2,14,-2,15,-2,16,-6,17,-5,18,-6,19,-5,20,-7,21,-6,22,-6,23,-1,24,-4,25,2
"ъз","2014-08-24 23:02:53.181192379 +0000 UTC",1,0,2,0,3,5,4,5,5,-5,6,-2,7,0,8,-7,9,5,10,-2,11,2,12,10,13,2,14,-5,15,5,16,-2,17,-5,18,5,19,-5,20,-5,21,0,22,0,23,7,24,0,25,0
"яв","2014-08-24 23:02:55.969411574 +0000 UTC",1,-10,2,-9,3,-2,4,6,5,-9,6,-4,7,-11,8,-12,9,0,10,1,11,-14,12,-6,13,-7,14,-5,15,-7,16,-9,17,-12,18,-9,19,-11,20,-7,21,0,22,-13,23,-5,24,-10,25,0
"й-","2014-08-24 23:03:00.032058146 +0000 UTC",1,0,2,7,3,0,4,2,5,-4,6,-7,7,9,8,2,9,-4,10,-12,11,-2,12,4,13,-5,14,-4,15,-5,16,0,17,-5,18,2,19,0,20,-2,21,10,22,2,23,2,24,0,25,-11
"уцз","2014-08-24 23:03:04.392269725 +0000 UTC",1,4,2,0,3,1,4,5,5,4,6,2,7,-3,8,1,9,5,10,1,11,0,12,0,13,-2,14,6,15,4,16,5,17,4,18,2,19,4,20,2,21,0,22,0,23,4,24,2,25,2
"юнс","2014-08-24 23:03:05.409768466 +0000 UTC",1,-11,2,0,3,-10,4,-12,5,-6,6,3,7,-3,8,7,9,-1,10,5,11,-13,12,-5,13,-8,14,-4,15,-9,16,-1,17,-4,18,-9,19,-4,20,2,21,-3,22,-1,23,-7,24,3,25,2
"и*рют","2014-08-24 23:03:10.505318413 +0000 UTC",1,-11,2,1,3,-9,4,-10,5,-7,6,0,7,-5,8,4,9,0,10,4,11,-9,12,-5,13,-7,14,-4,15,-7,16,0,17,-5,18,-6,19,-6,20,1,21,-2,22,-1,23,-5,24,5,25,1
"кр","2014-08-24 23:02:53.982112447 +0000 UTC",1,0,2,0,3,8,4,7,5,6,6,-3,7,3,8,1,9,5,10,-8,11,2,12,11,13,2,14,2,15,9,16,0,17,5,18,13,19,5,20,4,21,7,22,-1,23,3,24,2,25,-10
"-м","2014-08-24 23:02:55.186723121 +0000 UTC",1,-5,2,-5,3,2,4,5,5,2,6,10,7,0,8,2,9,7,10,7,11,5,12,-2,13,7,14,5,15,-5,16,0,17,5,18,0,19,9,20,0,21,2,22,2,23,-2,24,-7,25,10
"иц","2014-08-24 23:02:59.935543536 +0000 UTC",1,3,2,5,3,-1,4,0,5,0,6,2,7,0,8,6,9,4,10,-3,11,-2,12,3,13,-2,14,3,15,0,16,5,17,3,18,4,19,1,20,10,21,5,22,4,23,2,24,6,25,-2
"ы*мр","2014-08-24 23:03:04.12648055 +0000 UTC",1,-26,2,-27,3,-25,4,-25,5,-26,6,-26,7,-26,8,-27,9,-25,10,-26,11,-26,12,-26,13,-25,14,-26,15,-26,16,-27,17,-26,18,-26,19,-26,20,-27,21,-26,22,-27,23,-26,24,-27,25,-26
"чдн","2014-08-24 23:03:06.066397612 +0000 UTC",1,-23,2,-24,3,-18,4,-18,5,-21,6,-23,7,-22,8,-24,9,-20,10,-22,11,-23,12,-21,13,-21,14,-21,15,-22,16,-23,17,-23,18,-20,19,-22,20,-23,21,-20,22,-23,23,-21,24,-23,25,-23
"гф","2014-08-24 23:02:53.422670338 +0000 UTC",1,6,2,-2,3,6,4,6,5,7,6,5,7,0,8,0,9,3,10,0,11,4,12,9,13,4,14,4,15,9,16,1,17,6,18,7,19,7,20,11,21,8,22,2,23,7,24,2,25,2
"пч","2014-08-24 23:02:59.798077985 +0000 UTC",1,-2,2,-2,3,-2,4,-1,5,2,6,-2,7,-7,8,2,9,-5,10,-14,11,-2,12,2,13,-5,14,1,15,0,16,-1,17,2,18,0,19,0,20,5,21,5,22,0,23,-3,24,-2,25,-8
"б--у","2014-08-24 23:03:16.033346008 +0000 UTC",1,-5,2,-8,3,10,4,12,5,2,6,-8,7,-2,8,-7,9,6,10,-7,11,-3,12,0,13,-4,14,0,15,2,16,-6,17,-7,18,2,19,-2,20,-9,21,5,22,-8,23,2,24,-11,25,-6
"-диж","2014-08-24 23:03:17.749250141 +0000 UTC",1,2,2,0,3,3,4,-1,5,1,6,-2,7,6,8,-2,9,-5,10,0,11,4,12,7,13,4,14,-4,15,6,16,5,17,-3,18,2,19,0,20,-1,21,3,22,-7,23,1,24,-2,25,0
"изию","2014-08-24 23:03:17.078026363 +0000 UTC",1,-2,2,4,3,-8,4,-7,5,-6,6,0,7,0,8,1,9,0,10,3,11,-4,12,1,13,-4,14,-5,15,-4,16,1,17,-6,18,-2,19,-3,20,0,21,0,22,0,23,-2,24,4,25,1
"жы","2014-08-24 23:02:54.069694792 +0000 UTC",1,6,2,-7,3,9,4,2,5,7,6,1,7,8,8,-5,9,-4,10,5,11,9,12,11,13,9,14,-1,15,11,16,5,17,0,18,3,19,5,20,-1,21,-1,22,-9,23,8,24,-6,25,3
"рй","2014-08-24 23:02:54.210079984 +0000 UTC",1,0,2,-3,3,11,4,12,5,4,6,-9,7,3,8,-11,9,5,10,-5,11,0,12,8,13,5,14,-4,15,9,16,-8,17,-8,18,7,19,-2,20,-9,21,0,22,-10,23,7,24,-10,25,-10
"ащ","2014-08-24 23:02:55.817380509 +0000 UTC",1,1,2,4,3,-2,4,-2,5,4,6,6,7,4,8,8,9,-9,10,7,11,3,12,8,13,1,14,2,15,9,16,9,17,5,18,1,19,7,20,5,21,-4,22,6,23,0,24,5,25,3
"юкюя","2014-08-24 23:03:16.203403841 +0000 UTC",1,-8,2,2,3,-9,4,-11,5,-5,6,2,7,-2,8,8,9,-3,10,2,11,-10,12,-3,13,-7,14,-5,15,-7,16,0,17,-2,18,-6,19,-3,20,3,21,0,22,0,23,-6,24,4,25,0
"глзц","2014-08-24 23:03:16.485127483 +0000 UTC",1,3,2,0,3,5,4,7,5,2,6,0,7,0,8,-2,9,5,10,-6,11,0,12,6,13,0,14,1,15,2,16,0,17,-1,18,8,19,0,20,4,21,7,22,0,23,6,24,-1,25,-5
"ит","2014-08-24 23:03:00.126547082 +0000 UTC",1,-11,2,1,3,-9,4,-9,5,-6,6,0,7,-9,8,3,9,1,10,3,11,-8,12,-7,13,-8,14,-3,15,-7,16,0,17,-2,18,-5,19,-5,20,4,21,-2,22,0,23,-4,24,8,25,2
"ёуа*ъ","2014-08-24 23:03:09.144844082 +0000 UTC",1,-6,2,-5,3,-3,4,0,5,-2,6,0,7,-13,8,-2,9,1,10,8,11,-6,12,-8,13,-5,14,0,15,-3,16,-1,17,-2,18,-7,19,-2,20,-6,21,-9,22,-7,23,-5,24,-4,25,4
"эржх","2014-08-24 23:03:11.965788097 +0000 UTC",1,-5,2,-9,3,5,4,5,5,-1,6,5,7,-5,8,-6,9,4,10,6,11,-5,12,-3,13,0,14,0,15,-3,16,-5,17,-3,18,-6,19,-1,20,-5,21,-5,22,-7,23,-1,24,-3,25,4
"гр","2014-08-24 23:02:53.37691635 +0000 UTC",1,1,2,-4,3,8,4,12,5,3,6,-2,7,-3,8,-9,9,6,10,-7,11,-1,12,6,13,1,14,-1,15,3,16,-3,17,-5,18,10,19,0,20,1,21,7,22,-3,23,8,24,-7,25,-8
"кх","2014-08-24 23:02:54.551300959 +0000 UTC",1,5,2,3,3,5,4,5,5,8,6,2,7,2,8,5,9,4,10,-1,11,6,12,11,13,1,14,4,15,9,16,6,17,10,18,11,19,9,20,10,21,9,22,3,23,3,24,6,25,-1
"ьз","2014-08-24 23:02:54.705030211 +0000 UTC",1,0,2,0,3,5,4,5,5,-5,6,-2,7,0,8,-7,9,5,10,-2,11,2,12,10,13,2,14,-5,15,5,16,-2,17,-5,18,5,19,-5,20,-5,21,0,22,0,23,7,24,0,25,0
"ию*ъ","2014-08-24 23:03:05.094500884 +0000 UTC",1,-12,2,1,3,-11,4,-13,5,-7,6,3,7,-4,8,7,9,-1,10,5,11,-13,12,-6,13,-9,14,-5,15,-9,16,-1,17,-4,18,-9,19,-5,20,2,21,-4,22,-1,23,-7,24,4,25,2
"ауэя*","2014-08-24 23:03:10.346777736 +0000 UTC",1,-10,2,-10,3,0,4,6,5,-6,6,0,7,-10,8,-7,9,3,10,5,11,-10,12,-9,13,-5,14,0,15,-6,16,-7,17,-7,18,-10,19,-6,20,-8,21,-6,22,-10,23,-4,24,-6,25,3
"фаы*","2014-08-24 23:03:03.247201574 +0000 UTC",1,6,2,-4,3,2,4,0,5,6,6,7,7,0,8,3,9,0,10,1,11,5,12,7,13,4,14,5,15,10,16,1,17,10,18,3,19,9,20,13,21,4,22,2,23,4,24,4,25,5
"а*ут","2014-08-24 23:03:06.536695655 +0000 UTC",1,-7,2,-9,3,0,4,6,5,0,6,-3,7,-12,8,-2,9,2,10,5,11,-5,12,-10,13,-5,14,2,15,0,16,-2,17,-1,18,-8,19,-2,20,-6,21,-8,22,-8,23,-3,24,-6,25,2
"ьрша","2014-08-24 23:03:12.185688629 +0000 UTC",1,3,2,-3,3,5,4,4,5,8,6,0,7,-1,8,-3,9,2,10,0,11,1,12,7,13,4,14,1,15,10,16,0,17,4,18,3,19,2,20,4,21,-1,22,-4,23,3,24,-8,25,0
"мр","2014-08-24 23:02:53.521399052 +0000 UTC",1,-4,2,-5,3,4,4,7,5,4,6,5,7,0,8,-1,9,8,10,4,11,4,12,0,13,8,14,3,15,-1,16,-2,17,2,18,2,19,6,20,-1,21,1,22,0,23,0,24,-9,25,6
"иь","2014-08-24 23:02:54.162869109 +0000 UTC",1,-12,2,2,3,-12,4,-11,5,-10,6,0,7,-12,8,2,9,2,10,5,11,-10,12,-10,13,-10,14,-5,15,-9,16,0,17,-4,18,-7,19,-7,20,2,21,-5,22,0,23,-5,24,9,25,4
"хб","2014-08-24 23:02:56.54104278 +0000 UTC",1,8,2,2,3,6,4,6,5,9,6,5,7,0,8,2,9,4,10,4,11,7,12,10,13,2,14,3,15,9,16,7,17,8,18,8,19,7,20,9,21,7,22,2,23,4,24,1,25,4
"цв","2014-08-24 23:03:00.641719955 +0000 UTC",1,9,2,6,3,2,4,3,5,4,6,3,7,3,8,7,9,5,10,-7,11,0,12,8,13,1,14,6,15,2,16,7,17,5,18,8,19,4,20,12,21,9,22,6,23,5,24,5,25,-5
"шм","2014-08-24 23:03:00.742886474 +0000 UTC",1,8,2,1,3,2,4,-1,5,11,6,6,7,0,8,3,9,0,10,1,11,5,12,9,13,4,14,5,15,10,16,8,17,14,18,4,19,8,20,15,21,2,22,2,23,3,24,-4,25,5
"иньи","2014-08-24 23:03:10.622222868 +0000 UTC",1,-9,2,2,3,-11,4,-10,5,-7,6,0,7,-7,8,3,9,0,10,5,11,-9,12,-7,13,-8,14,-3,15,-8,16,0,17,-2,18,-5,19,-5,20,2,21,-1,22,0,23,-6,24,8,25,3
"ръиу","2014-08-24 23:03:12.127531131 +0000 UTC",1,-1,2,-7,3,9,4,12,5,5,6,-6,7,-3,8,-11,9,8,10,1,11,-1,12,2,13,4,14,0,15,11,16,-7,17,-4,18,4,19,0,20,-9,21,-6,22,-12,23,6,24,-9,25,-3
"-йсу","2014-08-24 23:03:16.31561518 +0000 UTC",1,0,2,1,3,0,4,3,5,0,6,-2,7,0,8,0,9,0,10,0,11,0,12,-1,13,-5,14,1,15,0,16,3,17,1,18,0,19,3,20,-2,21,2,22,0,23,4,24,0,25,0
"оя","2014-08-24 23:02:53.330870216 +0000 UTC",1,-12,2,-12,3,0,4,6,5,-9,6,-5,7,-14,8,-12,9,3,10,3,11,-13,12,-11,13,-7,14,-3,15,-5,16,-11,17,-13,18,-12,19,-8,20,-11,21,-5,22,-13,23,-4,24,-11,25,-1
"ву","2014-08-24 23:02:54.872462228 +0000 UTC",1,0,2,-8,3,4,4,8,5,1,6,-3,7,-7,8,-8,9,-2,10,0,11,0,12,0,13,0,14,0,15,3,16,-6,17,0,18,-1,19,-2,20,-7,21,2,22,-5,23,0,24,-8,25,0
"жч","2014-08-24 23:02:55.509389606 +0000 UTC",1,3,2,-8,3,6,4,0,5,4,6,-2,7,6,8,-7,9,-9,10,0,11,6,12,10,13,6,14,-5,15,9,16,2,17,-3,18,0,19,1,20,-3,21,-2,22,-12,23,7,24,-9,25,0
"шн","2014-08-24 23:02:56.485606293 +0000 UTC",1,8,2,1,3,2,4,-1,5,12,6,5,7,0,8,3,9,-1,10,1,11,4,12,10,13,4,14,5,15,10,16,8,17,13,18,4,19,7,20,15,21,2,22,2,23,4,24,-4,25,4
"ювц","2014-08-24 23:03:03.726831793 +0000 UTC",1,-7,2,1,3,-7,4,-10,5,-4,6,3,7,-2,8,7,9,0,10,3,11,-10,12,-2,13,-6,14,-2,15,-7,16,0,17,-2,18,-6,19,-3,20,3,21,0,22,0,23,-5,24,3,25,0
"кмън","2014-08-24 23:03:17.3480521 +0000 UTC",1,-1,2,0,3,5,4,5,5,4,6,0,7,2,8,4,9,4,10,-4,11,3,12,7,13,2,14,4,15,3,16,1,17,7,18,9,19,7,20,5,21,8,22,2,23,1,24,2,25,-4
"епмф","2014-08-24 23:03:17.399379761 +0000 UTC",1,6,2,-1,3,3,4,2,5,7,6,8,7,0,8,4,9,2,10,3,11,5,12,8,13,5,14,6,15,9,16,2,17,12,18,4,19,10,20,13,21,6,22,3,23,5,24,5,25,7
"зс","2014-08-24 23:02:59.845097425 +0000 UTC",1,1,2,0,3,4,4,4,5,-5,6,-1,7,0,8,-7,9,5,10,-2,11,2,12,9,13,1,14,-5,15,5,16,-1,17,-3,18,4,19,-4,20,-3,21,0,22,0,23,7,24,0,25,1
"жшы*","2014-08-24 23:03:03.02571844 +0000 UTC",1,0,2,-10,3,0,4,-5,5,0,6,-5,7,0,8,-9,9,-11,10,-3,11,0,12,4,13,0,14,-7,15,3,16,-1,17,-5,18,-3,19,-2,20,-5,21,-6,22,-13,23,1,24,-11,25,-4
"иые","2014-08-24 23:03:07.910829452 +0000 UTC",1,-4,2,-5,3,-2,4,-1,5,-1,6,3,7,-5,8,-1,9,5,10,9,11,-2,12,-7,13,-2,14,0,15,-2,16,0,17,1,18,-4,19,0,20,-1,21,-6,22,-2,23,-4,24,1,25,6
"жсе","2014-08-24 23:03:08.603668372 +0000 UTC",1,6,2,-3,3,7,4,0,5,5,6,0,7,9,8,-3,9,-5,10,3,11,8,12,13,13,7,14,-2,15,10,16,6,17,0,18,3,19,4,20,0,21,0,22,-8,23,9,24,-5,25,1
"рго*-","2014-08-24 23:03:12.528724913 +0000 UTC",1,-2,2,-9,3,11,4,13,5,3,6,-7,7,-3,8,-13,9,8,10,-2,11,-2,12,4,13,5,14,-2,15,9,16,-10,17,-8,18,5,19,-2,20,-8,21,-2,22,-11,23,7,24,-12,25,-8
"ън","2014-08-24 23:02:54.779715479 +0000 UTC",1,-5,2,-9,3,5,4,10,5,0,6,-2,7,-4,8,-5,9,4,10,9,11,-4,12,-2,13,5,14,0,15,-2,16,-7,17,-2,18,0,19,0,20,-4,21,2,22,-2,23,4,24,-5,25,2
"сж","2014-08-24 23:03:02.259874489 +0000 UTC",1,6,2,0,3,5,4,1,5,1,6,0,7,5,8,-2,9,-2,10,2,11,9,12,10,13,2,14,-2,15,7,16,5,17,3,18,2,19,5,20,3,21,3,22,0,23,10,24,0,25,3
"клош","2014-08-24 23:03:10.06900375 +0000 UTC",1,0,2,0,3,4,4,2,5,6,6,0,7,1,8,2,9,2,10,-3,11,1,12,7,13,1,14,3,15,6,16,1,17,7,18,7,19,5,20,7,21,6,22,0,23,2,24,0,25,-2
"ък","2014-08-24 23:02:52.804355068 +0000 UTC",1,0,2,2,3,5,4,5,5,5,6,-2,7,4,8,7,9,4,10,-10,11,4,12,11,13,0,14,4,15,7,16,2,17,10,18,14,19,7,20,9,21,10,22,2,23,2,24,7,25,-10
"хзё","2014-08-24 23:03:03.826823723 +0000 UTC",1,7,2,4,3,0,4,0,5,2,6,2,7,2,8,0,9,1,10,4,11,5,12,9,13,0,14,0,15,4,16,6,17,1,18,5,19,3,20,4,21,5,22,2,23,2,24,3,25,3
"дбс","2014-08-24 23:03:08.283350716 +0000 UTC",1,-4,2,-8,3,12,4,13,5,1,6,-6,7,-2,8,-9,9,5,10,-6,11,-4,12,3,13,0,14,0,15,0,16,-5,17,-7,18,4,19,-4,20,-6,21,5,22,-7,23,2,24,-8,25,-7
"юрчй","2014-08-24 23:03:10.404113133 +0000 UTC",1,-11,2,0,3,-10,4,-12,5,-7,6,1,7,-4,8,5,9,-2,10,2,11,-13,12,-5,13,-8,14,-5,15,-9,16,-3,17,-6,18,-9,19,-5,20,0,21,-4,22,-3,23,-7,24,1,25,0
"хцлф","2014-08-24 23:03:15.857927029 +0000 UTC",1,9,2,1,3,4,4,4,5,9,6,7,7,2,8,5,9,3,10,3,11,6,12,10,13,4,14,5,15,10,16,6,17,10,18,7,19,9,20,13,21,8,22,4,23,6,24,5,25,5
"лшха","2014-08-24 23:03:10.284706759 +0000 UTC",1,0,2,-2,3,3,4,4,5,5,6,0,7,1,8,-2,9,3,10,4,11,0,12,3,13,2,14,2,15,2,16,0,17,2,18,3,19,1,20,2,21,4,22,-2,23,3,24,-4,25,4
"тычп","2014-08-24 23:03:11.522682149 +0000 UTC",1,-2,2,-9,3,0,4,-1,5,1,6,0,7,-5,8,-4,9,-2,10,-5,11,-1,12,-3,13,-3,14,0,15,-1,16,-3,17,0,18,-1,19,-1,20,-1,21,-2,22,-3,23,-5,24,-5,25,-4
"г-ых","2014-08-24 23:03:16.713646763 +0000 UTC",1,4,2,-3,3,7,4,9,5,5,6,2,7,-2,8,-4,9,6,10,0,11,2,12,5,13,1,14,1,15,4,16,1,17,0,18,7,19,3,20,3,21,5,22,0,23,5,24,-3,25,-1
"фе","2014-08-24 23:02:56.062729973 +0000 UTC",1,11,2,12,3,-5,4,-7,5,6,6,9,7,8,8,12,9,-5,10,7,11,3,12,7,13,-2,14,2,15,2,16,14,17,13,18,2,19,10,20,13,21,8,22,11,23,2,24,8,25,10
"зц","2014-08-24 23:03:01.208135422 +0000 UTC",1,5,2,2,3,3,4,4,5,0,6,0,7,1,8,0,9,5,10,-4,11,1,12,9,13,1,14,0,15,4,16,2,17,0,18,6,19,0,20,3,21,3,22,2,23,6,24,2,25,-1
"мх","2014-08-24 23:03:01.885163773 +0000 UTC",1,2,2,-1,3,3,4,5,5,6,6,9,7,0,8,2,9,6,10,7,11,6,12,4,13,5,14,5,15,1,16,4,17,8,18,4,19,9,20,5,21,5,22,3,23,0,24,-2,25,9
"ипшо","2014-08-24 23:03:09.472663864 +0000 UTC",1,-1,2,1,3,-3,4,-3,5,2,6,2,7,-5,8,3,9,0,10,0,11,-1,12,0,13,-2,14,1,15,2,16,3,17,5,18,0,19,1,20,9,21,1,22,1,23,0,24,2,25,2
"вькб","2014-08-24 23:03:10.170986502 +0000 UTC",1,2,2,0,3,-2,4,0,5,0,6,0,7,5,8,0,9,-2,10,-2,11,0,12,1,13,-3,14,-2,15,-2,16,-2,17,-3,18,1,19,-3,20,0,21,9,22,3,23,-1,24,0,25,-4
"фж","2014-08-24 23:03:01.939699449 +0000 UTC",1,9,2,-2,3,5,4,2,5,9,6,10,7,3,8,5,9,1,10,4,11,9,12,11,13,7,14,7,15,13,16,4,17,13,18,5,19,12,20,15,21,7,22,4,23,8,24,7,25,8
"змф-","2014-08-24 23:03:15.917484911 +0000 UTC",1,5,2,-1,3,4,4,3,5,4,6,6,7,1,8,0,9,3,10,1,11,6,12,10,13,5,14,2,15,10,16,1,17,6,18,5,19,6,20,8,21,4,22,2,23,7,24,4,25,6
"рв","2014-08-24 23:02:53.474640538 +0000 UTC",1,0,2,-9,3,14,4,15,5,6,6,-9,7,0,8,-15,9,7,10,-3,11,0,12,9,13,9,14,-4,15,13,16,-12,17,-7,18,8,19,-3,20,-11,21,-2,22,-14,23,7,24,-14,25,-8
"бч","2014-08-24 23:02:54.115390882 +0000 UTC",1,-9,2,-11,3,6,4,7,5,-2,6,-12,7,-4,8,-11,9,1,10,-13,11,-7,12,-2,13,-7,14,-5,15,-2,16,-11,17,-12,18,0,19,-8,20,-12,21,2,22,-11,23,-1,24,-16,25,-12
"ян","2014-08-24 23:02:54.502241319 +0000 UTC",1,-11,2,-9,3,-2,4,6,5,-10,6,-3,7,-11,8,-12,9,0,10,2,11,-15,12,-7,13,-7,14,-4,15,-8,16,-8,17,-13,18,-9,19,-11,20,-7,21,0,22,-13,23,-5,24,-9,25,0
"пэ","2014-08-24 23:02:55.452029136 +0000 UTC",1,-3,2,-4,3,4,4,5,5,1,6,5,7,-5,8,0,9,3,10,0,11,-2,12,0,13,-1,14,4,15,0,16,-2,17,2,18,-2,19,0,20,2,21,1,22,-1,23,0,24,0,25,1
"ны","2014-08-24 23:03:01.566601085 +0000 UTC",1,0,2,-11,3,7,4,9,5,4,6,4,7,-1,8,-5,9,7,10,11,11,1,12,-3,13,5,14,4,15,1,16,-2,17,1,18,0,19,2,20,-5,21,-2,22,-2,23,0,24,-5,25,5
"цифщ","2014-08-24 23:03:09.575625929 +0000 UTC",1,8,2,4,3,1,4,1,5,6,6,6,7,4,8,8,9,1,10,-1,11,4,12,10,13,2,14,6,15,7,16,7,17,8,18,7,19,8,20,13,21,6,22,7,23,5,24,7,25,0
"--йь","2014-08-24 23:03:09.896502873 +0000 UTC",1,0,2,7,3,0,4,2,5,-4,6,-7,7,9,8,2,9,-4,10,-12,11,-2,12,4,13,-5,14,-4,15,-5,16,0,17,-5,18,2,19,0,20,-2,21,10,22,2,23,2,24,0,25,-11
"ящзц","2014-08-24 23:03:10.56834796 +0000 UTC",1,0,2,1,3,-1,4,1,5,0,6,2,7,0,8,1,9,-2,10,1,11,-2,12,5,13,-1,14,1,15,2,16,3,17,0,18,1,19,1,20,3,21,1,22,1,23,1,24,1,25,0
"ъй","2014-08-24 23:02:53.282956041 +0000 UTC",1,0,2,7,3,0,4,2,5,-4,6,-7,7,9,8,2,9,-4,10,-12,11,-2,12,4,13,-5,14,-4,15,-5,16,0,17,-5,18,2,19,0,20,-2,21,10,22,2,23,2,24,0,25,-11
"св","2014-08-24 23:02:53.880198488 +0000 UTC",1,4,2,1,3,2,4,2,5,-3,6,0,7,-1,8,-1,9,0,10,-1,11,7,12,5,13,-4,14,-1,15,2,16,2,17,5,18,0,19,2,20,4,21,7,22,6,23,6,24,1,25,2
"шл","2014-08-24 23:02:54.453407825 +0000 UTC",1,7,2,0,3,2,4,-1,5,11,6,4,7,1,8,2,9,0,10,1,11,3,12,9,13,3,14,5,15,9,16,7,17,12,18,4,19,6,20,13,21,3,22,1,23,3,24,-4,25,4
"кэ","2014-08-24 23:03:00.842419269 +0000 UTC",1,-6,2,-6,3,4,4,5,5,-1,6,3,7,-3,8,-2,9,5,10,1,11,-4,12,0,13,-2,14,1,15,-2,16,-4,17,0,18,-1,19,0,20,-2,21,-1,22,-4,23,-1,24,0,25,0
"вх","2014-08-24 23:03:01.368869043 +0000 UTC",1,4,2,-2,3,5,4,7,5,5,6,0,7,-2,8,-4,9,-1,10,0,11,4,12,8,13,2,14,0,15,6,16,-1,17,3,18,3,19,0,20,1,21,7,22,0,23,1,24,-4,25,1
"ь-п-","2014-08-24 23:03:10.909585416 +0000 UTC",1,5,2,4,3,4,4,5,5,10,6,4,7,-2,8,10,9,0,10,-11,11,5,12,10,13,0,14,9,15,7,16,5,17,10,18,7,19,7,20,15,21,14,22,7,23,2,24,5,25,-2
"рыыь","2014-08-24 23:03:11.124885092 +0000 UTC",1,2,2,-11,3,11,4,12,5,7,6,0,7,0,8,-10,9,10,10,6,11,3,12,1,13,7,14,2,15,10,16,-5,17,0,18,4,19,1,20,-8,21,-6,22,-8,23,2,24,-9,25,0
"нщру","2014-08-24 23:03:12.692412185 +0000 UTC",1,1,2,1,3,0,4,0,5,6,6,5,7,4,8,4,9,-5,10,7,11,3,12,7,13,3,14,3,15,9,16,7,17,5,18,4,19,7,20,3,21,-2,22,4,23,3,24,3,25,4
"л","2014-08-24 23:02:51.332006789 +0000 UTC",1,-9,2,-7,3,2,4,5,5,0,6,-5,7,2,8,-7,9,5,10,5,11,-7,12,-4,13,2,14,0,15,-5,16,-10,17,-5,18,0,19,-5,20,-7,21,4,22,-7,23,2,24,-9,25,4
"зпг","2014-08-24 23:03:05.356034777 +0000 UTC",1,1,2,0,3,5,4,6,5,-1,6,-1,7,0,8,-5,9,5,10,-4,11,1,12,9,13,1,14,-3,15,5,16,-1,17,-3,18,6,19,-2,20,-1,21,2,22,0,23,6,24,-1,25,-1
"иёрх","2014-08-24 23:03:08.764970709 +0000 UTC",1,0,2,0,3,0,4,0,5,2,6,2,7,-4,8,0,9,3,10,5,11,0,12,2,13,0,14,0,15,3,16,2,17,1,18,2,19,1,20,4,21,0,22,-1,23,0,24,2,25,3
"к","2014-08-24 23:02:51.2816803 +0000 UTC",1,0,2,2,3,5,4,5,5,5,6,-2,7,4,8,7,9,4,10,-10,11,4,12,11,13,0,14,4,15,7,16,2,17,10,18,14,19,7,20,9,21,10,22,2,23,2,24,7,25,-10
"чпт","2014-08-24 23:03:04.510296247 +0000 UTC",1,-21,2,-21,3,-21,4,-21,5,-19,6,-21,7,-22,8,-20,9,-22,10,-25,11,-21,12,-20,13,-22,14,-20,15,-20,16,-21,17,-19,18,-20,19,-20,20,-18,21,-18,22,-20,23,-21,24,-21,25,-23
"сщж","2014-08-24 23:03:04.730744055 +0000 UTC",1,5,2,4,3,0,4,-2,5,5,6,6,7,7,8,5,9,-7,10,5,11,8,12,12,13,3,14,1,15,10,16,10,17,6,18,4,19,9,20,7,21,0,22,6,23,5,24,5,25,4
"цир","2014-08-24 23:03:06.221134601 +0000 UTC",1,9,2,6,3,2,4,3,5,4,6,3,7,3,8,6,9,6,10,-6,11,0,12,8,13,1,14,6,15,3,16,7,17,5,18,8,19,4,20,11,21,9,22,5,23,5,24,5,25,-5
"вкв","2014-08-24 23:03:07.693756369 +0000 UTC",1,0,2,-7,3,5,4,8,5,0,6,-5,7,-4,8,-8,9,-4,10,-6,11,0,12,6,13,2,14,-3,15,3,16,-9,17,0,18,1,19,-4,20,-5,21,8,22,-3,23,-1,24,-8,25,-4
"й","2014-08-24 23:02:51.235528008 +0000 UTC",1,0,2,7,3,0,4,2,5,-4,6,-7,7,9,8,2,9,-4,10,-12,11,-2,12,4,13,-5,14,-4,15,-5,16,0,17,-5,18,2,19,0,20,-2,21,10,22,2,23,2,24,0,25,-11
"йъю","2014-08-24 23:03:03.399043019 +0000 UTC",1,-5,2,4,3,-4,4,-5,5,-5,6,-2,7,3,8,4,9,-3,10,-3,11,-7,12,0,13,-6,14,-4,15,-7,16,0,17,-5,18,-3,19,-2,20,0,21,4,22,0,23,-1,24,1,25,-5
"фыо","2014-08-24 23:03:07.853902555 +0000 UTC",1,9,2,-2,3,5,4,3,5,9,6,10,7,2,8,5,9,2,10,4,11,8,12,10,13,6,14,7,15,13,16,3,17,13,18,5,19,12,20,15,21,7,22,4,23,7,24,7,25,8
"и","2014-08-24 23:02:51.174853574 +0000 UTC",1,-12,2,2,3,-12,4,-11,5,-10,6,0,7,-12,8,2,9,2,10,5,11,-10,12,-10,13,-10,14,-5,15,-9,16,0,17,-4,18,-7,19,-7,20,2,21,-5,22,0,23,-5,24,9,25,4
"п","2014-08-24 23:02:51.62846587 +0000 UTC",1,5,2,4,3,4,4,5,5,10,6,4,7,-2,8,10,9,0,10,-11,11,5,12,10,13,0,14,9,15,7,16,5,17,10,18,7,19,7,20,15,21,14,22,7,23,2,24,5,25,-2
"дл","2014-08-24 23:03:01.101325109 +0000 UTC",1,-6,2,-9,3,11,4,13,5,1,6,-5,7,-2,8,-10,9,5,10,-3,11,-6,12,2,13,1,14,0,15,-2,16,-6,17,-8,18,4,19,-5,20,-7,21,4,22,-9,23,1,24,-8,25,-5
"пьлч","2014-08-24 23:03:09.035926173 +0000 UTC",1,2,2,11,3,-7,4,-8,5,0,6,2,7,2,8,9,9,-5,10,-6,11,2,12,2,13,-2,14,1,15,-7,16,6,17,9,18,2,19,6,20,13,21,12,22,7,23,-8,24,8,25,-5
"мчвы","2014-08-24 23:03:20.901927824 +0000 UTC",1,-5,2,-11,3,0,4,1,5,0,6,2,7,-4,8,-5,9,1,10,2,11,0,12,-6,13,1,14,0,15,-5,16,-5,17,0,18,-4,19,0,20,-6,21,-4,22,-4,23,-6,24,-10,25,2
"о","2014-08-24 23:02:51.570470613 +0000 UTC",1,-13,2,-17,3,2,4,7,5,-7,6,-7,7,-17,8,-12,9,7,10,5,11,-11,12,-15,13,-5,14,0,15,-2,16,-13,17,-12,18,-16,19,-2,20,-16,21,-12,22,-12,23,-2,24,-12,25,-2
"ы*и","2014-08-24 23:02:53.932414669 +0000 UTC",1,-29,2,-28,3,-29,4,-29,5,-29,6,-28,7,-29,8,-28,9,-28,10,-28,11,-29,12,-29,13,-29,14,-29,15,-29,16,-28,17,-29,18,-29,19,-29,20,-28,21,-29,22,-28,23,-29,24,-28,25,-28
"яы*","2014-08-24 23:02:55.398134462 +0000 UTC",1,-18,2,-16,3,-12,4,-6,5,-17,6,-13,7,-18,8,-18,9,-10,10,-9,11,-20,12,-15,13,-16,14,-13,15,-16,16,-16,17,-19,18,-17,19,-18,20,-15,21,-10,22,-19,23,-14,24,-17,25,-10
"пи*цд","2014-08-24 23:03:11.183581344 +0000 UTC",1,4,2,11,3,-4,4,-4,5,1,6,4,7,2,8,10,9,0,10,-4,11,2,12,4,13,-1,14,3,15,-4,16,7,17,9,18,4,19,6,20,13,21,11,22,7,23,-4,24,10,25,-4
"диъф","2014-08-24 23:03:16.968757083 +0000 UTC",1,5,2,1,3,1,4,0,5,3,6,4,7,3,8,4,9,0,10,0,11,4,12,6,13,3,14,2,15,8,16,4,17,6,18,4,19,6,20,10,21,9,22,2,23,0,24,6,25,3
"н","2014-08-24 23:02:51.447068695 +0000 UTC",1,-5,2,-9,3,5,4,10,5,0,6,-2,7,-4,8,-5,9,4,10,9,11,-4,12,-2,13,5,14,0,15,-2,16,-7,17,-2,18,0,19,0,20,-4,21,2,22,-2,23,4,24,-5,25,2
"маб","2014-08-24 23:03:06.638532928 +0000 UTC",1,-6,2,-6,3,4,4,7,5,1,6,2,7,0,8,-1,9,7,10,1,11,1,12,-1,13,3,14,3,15,-3,16,-3,17,0,18,0,19,3,20,-3,21,3,22,-1,23,-1,24,-10,25,3
"яюн","2014-08-24 23:03:07.528285073 +0000 UTC",1,-11,2,-4,3,-5,4,-2,5,-8,6,0,7,-8,8,-3,9,0,10,4,11,-14,12,-6,13,-8,14,-4,15,-9,16,-5,17,-9,18,-9,19,-8,20,-3,21,-1,22,-8,23,-6,24,-3,25,0
"м","2014-08-24 23:02:51.398522806 +0000 UTC",1,-5,2,-5,3,2,4,5,5,2,6,10,7,0,8,2,9,7,10,7,11,5,12,-2,13,7,14,5,15,-5,16,0,17,5,18,0,19,9,20,0,21,2,22,2,23,-2,24,-7,25,10
"а*э","2014-08-24 23:02:55.344759966 +0000 UTC",1,-11,2,-12,3,2,4,6,5,-5,6,2,7,-10,8,-6,9,5,10,6,11,-9,12,-9,13,-4,14,0,15,-7,16,-9,17,-6,18,-11,19,-5,20,-8,21,-9,22,-9,23,-5,24,-6,25,3
"ёк","2014-08-24 23:03:01.261728172 +0000 UTC",1,-5,2,0,3,-3,4,-4,5,-2,6,2,7,-8,8,0,9,0,10,2,11,-5,12,0,13,-2,14,-1,15,-4,16,-1,17,-1,18,0,19,-1,20,-1,21,-3,22,-3,23,-5,24,-1,25,0
"ичу","2014-08-24 23:03:05.460685182 +0000 UTC",1,-13,2,-8,3,-12,4,-10,5,-10,6,-7,7,-16,8,-6,9,-4,10,0,11,-12,12,-15,13,-13,14,-6,15,-9,16,-5,17,-7,18,-12,19,-8,20,-7,21,-12,22,-9,23,-9,24,-3,25,-2
"ияы","2014-08-24 23:03:05.757682876 +0000 UTC",1,-5,2,-6,3,-2,4,0,5,-3,6,2,7,-7,8,-4,9,4,10,7,11,-5,12,-7,13,-4,14,0,15,-3,16,-2,17,-3,18,-5,19,-3,20,-3,21,-4,22,-5,23,-4,24,-1,25,4
"сныы","2014-08-24 23:03:12.019843334 +0000 UTC",1,5,2,-6,3,5,4,5,5,2,6,6,7,0,8,-2,9,7,10,8,11,6,12,0,13,1,14,3,15,3,16,2,17,6,18,0,19,5,20,0,21,-1,22,2,23,1,24,-1,25,7
"г","2014-08-24 23:02:50.91488922 +0000 UTC",1,2,2,-4,3,7,4,11,5,2,6,-2,7,-4,8,-7,9,5,10,-7,11,-2,12,5,13,0,14,0,15,2,16,-2,17,-5,18,10,19,0,20,2,21,9,22,-2,23,7,24,-5,25,-7
"ьею","2014-08-24 23:03:03.622239006 +0000 UTC",1,-11,2,0,3,-10,4,-12,5,-7,6,3,7,-4,8,6,9,-1,10,6,11,-13,12,-5,13,-8,14,-5,15,-9,16,-2,17,-4,18,-9,19,-4,20,1,21,-4,22,-2,23,-7,24,3,25,2
"ршл","2014-08-24 23:03:05.248821341 +0000 UTC",1,0,2,-5,3,9,4,9,5,8,6,-4,7,1,8,-9,9,5,10,0,11,0,12,7,13,7,14,0,15,11,16,-6,17,-1,18,7,19,0,20,-3,21,-1,22,-9,23,7,24,-10,25,-3
"ишу","2014-08-24 23:03:06.013218042 +0000 UTC",1,-1,2,0,3,-4,4,-3,5,1,6,2,7,-7,8,2,9,1,10,5,11,-2,12,-3,13,-4,14,2,15,2,16,4,17,5,18,-2,19,1,20,5,21,-3,22,-1,23,0,24,2,25,5
"йущ","2014-08-24 23:03:06.271319452 +0000 UTC",1,1,2,6,3,0,4,0,5,2,6,1,7,7,8,6,9,-7,10,0,11,2,12,7,13,0,14,0,15,4,16,7,17,2,18,3,19,5,20,2,21,2,22,5,23,2,24,4,25,-1
"в","2014-08-24 23:02:50.655764636 +0000 UTC",1,0,2,-9,3,5,4,9,5,0,6,-5,7,-5,8,-11,9,-5,10,-5,11,0,12,5,13,2,14,-5,15,2,16,-12,17,-2,18,0,19,-7,20,-7,21,7,22,-5,23,-2,24,-12,25,-4
"еч-","2014-08-24 23:03:03.346907574 +0000 UTC",1,-18,2,-12,3,-16,4,-12,5,-18,6,-15,7,-18,8,-17,9,-11,10,-6,11,-19,12,-15,13,-15,14,-14,15,-16,16,-13,17,-7,18,-16,19,-13,20,-12,21,-14,22,-16,23,-13,24,-15,25,-9
"б","2014-08-24 23:02:50.610629859 +0000 UTC",1,-5,2,-9,3,11,4,13,5,2,6,-10,7,0,8,-9,9,7,10,-11,11,-4,12,2,13,-4,14,0,15,2,16,-9,17,-10,18,4,19,-5,20,-10,21,7,22,-9,23,2,24,-13,25,-10
"сзу","2014-08-24 23:03:02.820913933 +0000 UTC",1,3,2,0,3,2,4,3,5,-2,6,0,7,-2,8,-2,9,4,10,2,11,4,12,3,13,-3,14,0,15,4,16,3,17,3,18,1,19,2,20,0,21,0,22,2,23,7,24,1,25,4
"гыс","2014-08-24 23:03:08.388460536 +0000 UTC",1,3,2,-5,3,7,4,10,5,3,6,0,7,-2,8,-6,9,6,10,-2,11,0,12,3,13,0,14,0,15,2,16,0,17,-1,18,7,19,1,20,1,21,5,22,-1,23,5,24,-5,25,-3
"а","2014-08-24 23:02:50.566771499 +0000 UTC",1,-15,2,-12,3,-2,4,7,5,-7,6,-9,7,-16,8,-4,9,2,10,4,11,-10,12,-13,13,-7,14,-2,15,-4,16,-10,17,-10,18,-16,19,-11,20,-11,21,-12,22,-12,23,-10,24,-12,25,0
"шщб","2014-08-24 23:03:04.075852906 +0000 UTC",1,6,2,3,3,0,4,-1,5,9,6,6,7,4,8,6,9,-5,10,2,11,5,12,11,13,3,14,4,15,11,16,9,17,9,18,5,19,8,20,11,21,0,22,5,23,3,24,1,25,3
"змф","2014-08-24 23:03:06.901427117 +0000 UTC",1,5,2,-1,3,4,4,3,5,4,6,6,7,1,8,0,9,3,10,1,11,6,12,10,13,5,14,2,15,10,16,1,17,6,18,5,19,6,20,8,21,4,22,2,23,7,24,4,25,6
"евз","2014-08-24 23:03:08.442386009 +0000 UTC",1,-4,2,-2,3,0,4,3,5,-6,6,-4,7,-5,8,-9,9,1,10,0,11,-4,12,2,13,-1,14,-5,15,0,16,-4,17,0,18,-1,19,-4,20,-3,21,0,22,-4,23,1,24,-5,25,0
"мелё","2014-08-24 23:03:15.973097187 +0000 UTC",1,0,2,6,3,-8,4,-9,5,-4,6,0,7,4,8,4,9,-1,10,3,11,0,12,-4,13,1,14,-3,15,-8,16,1,17,1,18,-2,19,-2,20,0,21,8,22,1,23,-10,24,6,25,6
"з","2014-08-24 23:02:51.116875498 +0000 UTC",1,0,2,0,3,5,4,5,5,-5,6,-2,7,0,8,-7,9,5,10,-2,11,2,12,10,13,2,14,-5,15,5,16,-2,17,-5,18,5,19,-5,20,-5,21,0,22,0,23,7,24,0,25,0
"её","2014-08-24 23:02:56.013790459 +0000 UTC",1,-10,2,-1,3,-7,4,-2,5,-9,6,-3,7,-11,8,-7,9,0,10,7,11,-12,12,-5,13,-5,14,-4,15,-8,16,-3,17,3,18,-7,19,-3,20,-2,21,-5,22,-7,23,-4,24,-6,25,2
"ышу","2014-08-24 23:03:05.699575525 +0000 UTC",1,5,2,-10,3,6,4,6,5,8,6,8,7,0,8,-3,9,7,10,11,11,5,12,-3,13,3,14,7,15,6,16,2,17,7,18,0,19,6,20,-2,21,-6,22,-1,23,-1,24,-4,25,8
"сэо","2014-08-24 23:03:07.63962689 +0000 UTC",1,-5,2,-6,3,3,4,4,5,-5,6,4,7,-5,8,-4,9,5,10,4,11,-3,12,-3,13,-4,14,0,15,-4,16,-4,17,-1,18,-6,19,-1,20,-3,21,-3,22,-2,23,0,24,-1,25,4
"щщпт","2014-08-24 23:03:09.259293061 +0000 UTC",1,4,2,7,3,-2,4,-4,5,8,6,9,7,9,8,11,9,-11,10,7,11,6,12,13,13,3,14,4,15,12,16,13,17,9,18,6,19,11,20,10,21,-2,22,10,23,2,24,9,25,4
"жепя*","2014-08-24 23:03:17.690545508 +0000 UTC",1,2,2,-2,3,3,4,0,5,2,6,0,7,4,8,-3,9,-4,10,1,11,3,12,7,13,3,14,-2,15,4,16,3,17,0,18,0,19,2,20,1,21,2,22,-7,23,3,24,-3,25,0
"ж","2014-08-24 23:02:51.066330057 +0000 UTC",1,7,2,-5,3,10,4,2,5,7,6,0,7,10,8,-5,9,-7,10,4,11,10,12,15,13,10,14,-2,15,13,16,5,17,0,18,4,19,5,20,0,21,0,22,-11,23,10,24,-7,25,2
"дв","2014-08-24 23:02:56.592870504 +0000 UTC",1,-5,2,-9,3,12,4,14,5,1,6,-5,7,-4,8,-11,9,4,10,-5,11,-5,12,4,13,1,14,-1,15,-1,16,-6,17,-8,18,4,19,-5,20,-7,21,5,22,-9,23,0,24,-8,25,-7
"йгм","2014-08-24 23:03:02.774040252 +0000 UTC",1,0,2,4,3,2,4,4,5,-2,6,-5,7,5,8,0,9,0,10,-9,11,-1,12,3,13,-2,14,-2,15,-4,16,0,17,-4,18,3,19,0,20,-1,21,9,22,1,23,3,24,-1,25,-8
"л-щ","2014-08-24 23:03:05.910642897 +0000 UTC",1,0,2,2,3,0,4,-1,5,5,6,4,7,7,8,4,9,-5,10,6,11,1,12,7,13,3,14,2,15,6,16,5,17,3,18,4,19,5,20,3,21,0,22,4,23,2,24,2,25,4
"шгх","2014-08-24 23:03:05.96291523 +0000 UTC",1,9,2,1,3,3,4,2,5,10,6,5,7,0,8,2,9,0,10,0,11,4,12,10,13,3,14,4,15,10,16,8,17,10,18,6,19,7,20,13,21,5,22,2,23,4,24,-2,25,3
"е","2014-08-24 23:02:51.012162654 +0000 UTC",1,-11,2,-2,3,-7,4,0,5,-11,6,-5,7,-11,8,-9,9,0,10,7,11,-12,12,-5,13,-5,14,-5,15,-7,16,-4,17,5,18,-7,19,-2,20,0,21,-5,22,-7,23,-2,24,-7,25,2
"лэм","2014-08-24 23:03:03.673434179 +0000 UTC",1,-9,2,-9,3,3,4,5,5,-1,6,1,7,-2,8,-6,9,6,10,6,11,-7,12,-5,13,0,14,0,15,-6,16,-8,17,-4,18,-4,19,-3,20,-6,21,-2,22,-6,23,-1,24,-6,25,5
"ешш","2014-08-24 23:03:06.691058924 +0000 UTC",1,3,2,0,3,-1,4,-1,5,5,6,2,7,-2,8,0,9,-1,10,3,11,0,12,5,13,0,14,2,15,5,16,5,17,12,18,0,19,4,20,11,21,0,22,0,23,1,24,-5,25,4
"-ьп","2014-08-24 23:03:07.054986515 +0000 UTC",1,5,2,4,3,4,4,5,5,10,6,4,7,-2,8,10,9,0,10,-11,11,5,12,10,13,0,14,9,15,7,16,5,17,10,18,7,19,7,20,15,21,14,22,7,23,2,24,5,25,-2
"пя-б","2014-08-24 23:03:12.073020389 +0000 UTC",1,3,2,11,3,-4,4,-4,5,1,6,3,7,2,8,9,9,-2,10,-5,11,2,12,4,13,-2,14,2,15,-5,16,6,17,9,18,3,19,6,20,12,21,13,22,6,23,-6,24,8,25,-5
"рщн","2014-08-24 23:03:08.334770009 +0000 UTC",1,2,2,1,3,3,4,2,5,7,6,3,7,6,8,1,9,-4,10,4,11,4,12,11,13,6,14,1,15,13,16,4,17,2,18,7,19,6,20,2,21,-3,22,1,23,5,24,1,25,0
"ы*миж","2014-08-24 23:03:12.240307275 +0000 UTC",1,-20,2,-20,3,-21,4,-22,5,-20,6,-20,7,-18,8,-20,9,-21,10,-19,11,-19,12,-19,13,-19,14,-21,15,-20,16,-19,17,-20,18,-20,19,-20,20,-20,21,-19,22,-21,23,-21,24,-20,25,-19
"д","2014-08-24 23:02:50.961345182 +0000 UTC",1,-5,2,-10,3,14,4,15,5,2,6,-5,7,-4,8,-11,9,5,10,-5,11,-5,12,4,13,0,14,0,15,-2,16,-5,17,-9,18,5,19,-5,20,-7,21,5,22,-10,23,0,24,-7,25,-7
"жъь","2014-08-24 23:03:02.870674499 +0000 UTC",1,7,2,-5,3,10,4,2,5,7,6,0,7,10,8,-5,9,-7,10,4,11,10,12,15,13,10,14,-2,15,13,16,5,17,0,18,4,19,5,20,0,21,0,22,-11,23,10,24,-7,25,2
"ъьж","2014-08-24 23:03:03.137506681 +0000 UTC",1,7,2,-5,3,10,4,2,5,7,6,0,7,10,8,-5,9,-7,10,4,11,10,12,15,13,10,14,-2,15,13,16,5,17,0,18,4,19,5,20,0,21,0,22,-11,23,10,24,-7,25,2
"-йч","2014-08-24 23:03:06.12323155 +0000 UTC",1,-12,2,-7,3,-11,4,-10,5,-14,6,-16,7,-6,8,-10,9,-14,10,-19,11,-12,12,-9,13,-14,14,-14,15,-15,16,-11,17,-15,18,-10,19,-12,20,-13,21,-5,22,-10,23,-10,24,-11,25,-18
"ови","2014-08-24 23:03:07.747246941 +0000 UTC",1,-4,2,-5,3,-4,4,-1,5,-5,6,-1,7,-4,8,-3,9,0,10,2,11,-4,12,-6,13,-5,14,-2,15,-4,16,-5,17,-6,18,-6,19,-4,20,-5,21,0,22,-1,23,-3,24,-2,25,-2
"гй-","2014-08-24 23:03:07.967973834 +0000 UTC",1,1,2,-1,3,6,4,10,5,1,6,-3,7,-1,8,-6,9,4,10,-8,11,-2,12,5,13,0,14,-1,15,0,16,-1,17,-5,18,8,19,0,20,1,21,9,22,-1,23,7,24,-4,25,-8
"лзёъ","2014-08-24 23:03:16.424242689 +0000 UTC",1,0,2,1,3,-3,4,-1,5,-4,6,-2,7,3,8,-3,9,1,10,2,11,0,12,4,13,0,14,-4,15,-2,16,0,17,-7,18,2,19,-2,20,-4,21,3,22,-1,23,1,24,0,25,1
"ь","2014-08-24 23:02:52.4631526 +0000 UTC",1,-30,2,-30,3,-30,4,-30,5,-30,6,-30,7,-30,8,-30,9,-30,10,-30,11,-30,12,-30,13,-30,14,-30,15,-30,16,-30,17,-30,18,-30,19,-30,20,-30,21,-30,22,-30,23,-30,24,-30,25,-30
"ур","2014-08-24 23:02:53.831068029 +0000 UTC",1,0,2,-8,3,2,4,9,5,6,6,0,7,-10,8,-4,9,6,10,10,11,0,12,-8,13,-4,14,7,15,7,16,3,17,4,18,-1,19,6,20,-7,21,-10,22,-8,23,4,24,-3,25,7
"ьмм","2014-08-24 23:03:04.838117567 +0000 UTC",1,-5,2,-5,3,2,4,5,5,2,6,10,7,0,8,2,9,7,10,7,11,5,12,-2,13,7,14,5,15,-5,16,0,17,5,18,0,19,9,20,0,21,2,22,2,23,-2,24,-7,25,10
"йбф","2014-08-24 23:03:05.044465214 +0000 UTC",1,4,2,0,3,4,4,3,5,4,6,2,7,4,8,3,9,0,10,-2,11,4,12,7,13,1,14,2,15,5,16,1,17,5,18,4,19,6,20,7,21,9,22,2,23,5,24,3,25,0
"шээ","2014-08-24 23:03:07.798618183 +0000 UTC",1,-2,2,-6,3,3,4,2,5,2,6,5,7,-4,8,-2,9,2,10,4,11,-3,12,0,13,0,14,2,15,0,16,-1,17,2,18,-4,19,0,20,2,21,-3,22,-3,23,0,24,-4,25,5
"э","2014-08-24 23:02:52.510588364 +0000 UTC",1,-10,2,-12,3,4,4,5,5,-5,6,5,7,-7,8,-7,9,5,10,7,11,-9,12,-7,13,-2,14,0,15,-7,16,-9,17,-5,18,-10,19,-4,20,-7,21,-7,22,-7,23,-4,24,-4,25,5
"иха","2014-08-24 23:03:07.420476032 +0000 UTC",1,0,2,1,3,-1,4,0,5,0,6,2,7,-5,8,2,9,2,10,6,11,0,12,0,13,-3,14,0,15,1,16,4,17,3,18,0,19,1,20,6,21,1,22,0,23,0,24,4,25,5
"пжр","2014-08-24 23:03:08.552047308 +0000 UTC",1,5,2,0,3,7,4,5,5,9,6,0,7,2,8,1,9,-1,10,-5,11,6,12,11,13,4,14,3,15,10,16,3,17,4,18,6,19,5,20,6,21,7,22,-1,23,6,24,-1,25,-2
"ркй-","2014-08-24 23:03:16.661929039 +0000 UTC",1,0,2,-2,3,10,4,11,5,4,6,-8,7,3,8,-8,9,5,10,-6,11,0,12,8,13,5,14,-2,15,8,16,-7,17,-5,18,8,19,-1,20,-7,21,1,22,-8,23,7,24,-8,25,-10
"ю","2014-08-24 23:02:52.562434387 +0000 UTC",1,-12,2,0,3,-11,4,-13,5,-7,6,4,7,-4,8,7,9,-2,10,5,11,-13,12,-5,13,-9,14,-5,15,-10,16,-2,17,-5,18,-10,19,-5,20,2,21,-4,22,-2,23,-7,24,4,25,2
"ун","2014-08-24 23:02:53.570751327 +0000 UTC",1,0,2,-8,3,0,4,8,5,5,6,1,7,-12,8,-2,9,5,10,12,11,-1,12,-11,13,-5,14,9,15,5,16,4,17,5,18,-3,19,7,20,-6,21,-9,22,-6,23,3,24,-1,25,9
"у-","2014-08-24 23:03:02.154069191 +0000 UTC",1,0,2,-7,3,0,4,7,5,5,6,2,7,-12,8,-2,9,5,10,13,11,0,12,-12,13,-7,14,10,15,5,16,5,17,7,18,-4,19,7,20,-7,21,-11,22,-7,23,2,24,0,25,10
"мэз","2014-08-24 23:03:02.925672592 +0000 UTC",1,-6,2,-7,3,3,4,5,5,-2,6,6,7,-3,8,-4,9,6,10,5,11,-2,12,-3,13,1,14,0,15,-5,16,-4,17,-1,18,-4,19,0,20,-4,21,-3,22,-3,23,-1,24,-4,25,6
"а-м","2014-08-24 23:03:07.367593008 +0000 UTC",1,-11,2,-9,3,0,4,6,5,-4,6,-2,7,-10,8,-2,9,4,10,5,11,-5,12,-10,13,-2,14,0,15,-4,16,-6,17,-4,18,-10,19,-4,20,-7,21,-7,22,-7,23,-7,24,-10,25,2
"я","2014-08-24 23:02:52.610616822 +0000 UTC",1,-12,2,-9,3,-2,4,5,5,-11,6,-4,7,-12,8,-12,9,0,10,2,11,-16,12,-7,13,-9,14,-5,15,-9,16,-9,17,-13,18,-10,19,-12,20,-7,21,0,22,-13,23,-5,24,-10,25,0
"ум","2014-08-24 23:02:54.355454488 +0000 UTC",1,0,2,-7,3,0,4,7,5,5,6,3,7,-11,8,-1,9,6,10,12,11,0,12,-10,13,-4,14,9,15,4,16,5,17,6,18,-3,19,8,20,-5,21,-9,22,-5,23,2,24,-2,25,10
"цвл","2014-08-24 23:03:02.975529679 +0000 UTC",1,8,2,5,3,2,4,3,5,4,6,3,7,3,8,6,9,5,10,-6,11,0,12,8,13,1,14,6,15,2,16,6,17,5,18,8,19,4,20,11,21,9,22,5,23,5,24,4,25,-4
"ъуц","2014-08-24 23:03:04.784248526 +0000 UTC",1,8,2,4,3,1,4,4,5,5,6,3,7,0,8,6,9,5,10,-3,11,0,12,5,13,0,14,7,15,3,16,7,17,6,18,6,19,5,20,9,21,5,22,4,23,5,24,4,25,-2
"ызчл","2014-08-24 23:03:17.569509601 +0000 UTC",1,0,2,-12,3,3,4,4,5,2,6,3,7,-1,8,-7,9,5,10,7,11,1,12,-5,13,1,14,1,15,1,16,-2,17,0,18,-2,19,0,20,-7,21,-7,22,-4,23,-3,24,-7,25,4
"уизд","2014-08-24 23:03:17.505499414 +0000 UTC",1,-1,2,-6,3,2,4,7,5,2,6,0,7,-9,8,-4,9,5,10,6,11,-1,12,-5,13,-4,14,4,15,4,16,2,17,1,18,-1,19,2,20,-5,21,-6,22,-5,23,2,24,-1,25,5
"ш","2014-08-24 23:02:52.06754087 +0000 UTC",1,10,2,2,3,2,4,-2,5,13,6,5,7,0,8,4,9,-2,10,0,11,5,12,10,13,4,14,5,15,11,16,10,17,15,18,5,19,7,20,16,21,2,22,2,23,4,24,-4,25,5
"чэц","2014-08-24 23:03:06.169825098 +0000 UTC",1,-8,2,-10,3,-6,4,-5,5,-8,6,-5,7,-10,8,-8,9,-4,10,-8,11,-11,12,-8,13,-9,14,-6,15,-10,16,-8,17,-8,18,-8,19,-8,20,-6,21,-7,22,-8,23,-7,24,-7,25,-8
"йцг","2014-08-24 23:03:08.072593159 +0000 UTC",1,3,2,6,3,2,4,3,5,0,6,-2,7,5,8,2,9,1,10,-9,11,0,12,6,13,-2,14,0,15,-1,16,2,17,-1,18,5,19,1,20,4,21,10,22,3,23,4,24,1,25,-8
"-пе","2014-08-24 23:03:08.123514625 +0000 UTC",1,4,2,14,3,-6,4,-7,5,1,6,4,7,3,8,11,9,-3,10,-4,11,4,12,4,13,-1,14,2,15,-6,16,8,17,13,18,3,19,8,20,15,21,13,22,9,23,-7,24,10,25,-4
"нсэ*о","2014-08-24 23:03:11.364209217 +0000 UTC",1,-9,2,-11,3,4,4,6,5,-4,6,5,7,-7,8,-6,9,5,10,7,11,-8,12,-7,13,-2,14,0,15,-7,16,-8,17,-4,18,-9,19,-3,20,-7,21,-7,22,-7,23,-3,24,-4,25,4
"щ","2014-08-24 23:02:52.111202137 +0000 UTC",1,5,2,7,3,-2,4,-5,5,7,6,10,7,10,8,11,9,-12,10,7,11,7,12,14,13,4,14,4,15,13,16,14,17,9,18,5,19,11,20,10,21,-2,22,10,23,2,24,10,25,5
"фйо*","2014-08-24 23:03:03.454093563 +0000 UTC",1,9,2,-2,3,4,4,3,5,9,6,9,7,2,8,5,9,1,10,3,11,8,12,10,13,6,14,7,15,12,16,3,17,12,18,5,19,12,20,15,21,7,22,4,23,7,24,7,25,7
"в-н","2014-08-24 23:03:04.944172548 +0000 UTC",1,-1,2,-9,3,5,4,9,5,0,6,-5,7,-5,8,-10,9,-4,10,-3,11,0,12,4,13,3,14,-4,15,2,16,-11,17,-2,18,0,19,-6,20,-7,21,7,22,-4,23,-1,24,-11,25,-2
"тъшъ","2014-08-24 23:03:12.409505783 +0000 UTC",1,5,2,1,3,3,4,0,5,11,6,4,7,1,8,4,9,-2,10,-4,11,3,12,9,13,3,14,5,15,8,16,6,17,11,18,7,19,5,20,15,21,8,22,3,23,4,24,0,25,0
"ъ","2014-08-24 23:02:52.156365479 +0000 UTC",1,-30,2,-30,3,-30,4,-30,5,-30,6,-30,7,-30,8,-30,9,-30,10,-30,11,-30,12,-30,13,-30,14,-30,15,-30,16,-30,17,-30,18,-30,19,-30,20,-30,21,-30,22,-30,23,-30,24,-30,25,-30
"о*е","2014-08-24 23:02:59.888801436 +0000 UTC",1,-13,2,-14,3,0,4,5,5,-8,6,-7,7,-16,8,-12,9,5,10,6,11,-11,12,-13,13,-5,14,-1,15,-2,16,-12,17,-9,18,-14,19,-2,20,-13,21,-11,22,-11,23,-2,24,-12,25,-2
"гоу","2014-08-24 23:03:06.741161921 +0000 UTC",1,1,2,-5,3,6,4,11,5,2,6,-1,7,-5,8,-7,9,5,10,-4,11,-2,12,2,13,-1,14,0,15,2,16,-1,17,-3,18,7,19,0,20,0,21,5,22,-3,23,6,24,-5,25,-5
"эс-","2014-08-24 23:03:08.177428574 +0000 UTC",1,-9,2,-11,3,3,4,5,5,-5,6,5,7,-7,8,-6,9,5,10,6,11,-8,12,-7,13,-3,14,0,15,-7,16,-8,17,-4,18,-9,19,-3,20,-7,21,-7,22,-7,23,-3,24,-3,25,5
"йючб","2014-08-24 23:03:10.120363887 +0000 UTC",1,-7,2,0,3,-4,4,-4,5,-6,6,-5,7,0,8,0,9,-3,10,-6,11,-8,12,-2,13,-8,14,-5,15,-8,16,-3,17,-7,18,-4,19,-5,20,-3,21,2,22,-2,23,-3,24,-2,25,-7
"ы","2014-08-24 23:02:52.4139127 +0000 UTC",1,5,2,-12,3,7,4,7,5,7,6,10,7,0,8,-5,9,10,10,14,11,7,12,-5,13,5,14,7,15,5,16,0,17,5,18,0,19,5,20,-5,21,-7,22,-2,23,-2,24,-5,25,9
"ся*","2014-08-24 23:03:02.569138945 +0000 UTC",1,0,2,3,3,-6,4,-2,5,-8,6,1,7,0,8,1,9,0,10,1,11,-5,12,0,13,-9,14,-1,15,-5,16,2,17,-1,18,-4,19,-1,20,3,21,3,22,2,23,-2,24,2,25,0
"яцц","2014-08-24 23:03:03.573642553 +0000 UTC",1,1,2,0,3,0,4,4,5,-1,6,0,7,-2,8,0,9,3,10,-3,11,-5,12,2,13,-2,14,2,15,-1,16,1,17,-1,18,1,19,-1,20,5,21,6,22,0,23,1,24,0,25,-3
"вдщ","2014-08-24 23:03:05.565450057 +0000 UTC",1,2,2,1,3,1,4,0,5,5,6,4,7,4,8,3,9,-8,10,2,11,3,12,10,13,3,14,1,15,8,16,5,17,4,18,4,19,5,20,3,21,0,22,4,23,1,24,2,25,1
"ф","2014-08-24 23:02:51.881078954 +0000 UTC",1,10,2,-2,3,5,4,2,5,10,6,10,7,2,8,5,9,2,10,4,11,9,12,10,13,7,14,7,15,14,16,4,17,14,18,5,19,13,20,16,21,7,22,5,23,7,24,7,25,9
"ёц","2014-08-24 23:03:00.543799164 +0000 UTC",1,5,2,4,3,0,4,0,5,2,6,4,7,0,8,5,9,4,10,-2,11,-1,12,4,13,0,14,4,15,0,16,4,17,2,18,4,19,2,20,7,21,4,22,3,23,1,24,3,25,-2
"пйц","2014-08-24 23:03:03.975776678 +0000 UTC",1,6,2,5,3,2,4,4,5,5,6,2,7,2,8,7,9,2,10,-9,11,2,12,8,13,0,14,6,15,3,16,6,17,6,18,7,19,4,20,11,21,11,22,6,23,4,24,4,25,-5
"рч-з","2014-08-24 23:03:09.955714832 +0000 UTC",1,-5,2,-10,3,5,4,5,5,-1,6,-11,7,-4,8,-16,9,2,10,-7,11,-4,12,3,13,1,14,-9,15,5,16,-12,17,-11,18,1,19,-8,20,-13,21,-8,22,-14,23,2,24,-13,25,-10
"х","2014-08-24 23:02:51.92871118 +0000 UTC",1,10,2,4,3,5,4,5,5,10,6,7,7,0,8,4,9,4,10,7,11,9,12,11,13,2,14,4,15,10,16,10,17,10,18,9,19,10,20,11,21,7,22,4,23,5,24,4,25,7
"тшя","2014-08-24 23:03:03.923390993 +0000 UTC",1,0,2,-1,3,1,4,1,5,4,6,1,7,-2,8,-1,9,-1,10,-2,11,-2,12,3,13,0,14,2,15,2,16,1,17,3,18,1,19,0,20,7,21,5,22,-2,23,0,24,-3,25,0
"вдч","2014-08-24 23:03:07.473936852 +0000 UTC",1,-7,2,-13,3,0,4,2,5,-5,6,-10,7,-10,8,-14,9,-8,10,-10,11,-7,12,-2,13,-4,14,-9,15,-4,16,-14,17,-9,18,-5,19,-11,20,-12,21,0,22,-11,23,-7,24,-14,25,-10
"докц","2014-08-24 23:03:16.255618136 +0000 UTC",1,2,2,0,3,7,4,8,5,3,6,0,7,0,8,0,9,5,10,-6,11,-2,12,6,13,0,14,3,15,1,16,1,17,0,18,7,19,0,20,3,21,7,22,0,23,3,24,0,25,-6
"пупе","2014-08-24 23:03:16.541818666 +0000 UTC",1,4,2,6,3,0,4,0,5,5,6,4,7,-1,8,9,9,0,10,-5,11,3,12,4,13,-1,14,6,15,1,16,7,17,11,18,4,19,7,20,12,21,10,22,5,23,-1,24,6,25,-1
"скиъ","2014-08-24 23:03:17.188424345 +0000 UTC",1,5,2,9,3,-4,4,-3,5,0,6,0,7,2,8,10,9,-4,10,-7,11,4,12,7,13,-4,14,-4,15,0,16,8,17,7,18,5,19,2,20,11,21,11,22,7,23,2,24,8,25,-3
"ц","2014-08-24 23:02:51.975291878 +0000 UTC",1,10,2,7,3,2,4,2,5,5,6,4,7,4,8,7,9,5,10,-7,11,0,12,9,13,0,14,7,15,2,16,7,17,5,18,9,19,5,20,13,21,10,22,7,23,5,24,5,25,-5
"а*же","2014-08-24 23:03:04.028821524 +0000 UTC",1,-2,2,-7,3,3,4,3,5,0,6,-3,7,-1,8,-5,9,-2,10,4,11,0,12,2,13,2,14,-3,15,4,16,0,17,-3,18,-4,19,-1,20,-4,21,-4,22,-11,23,1,24,-8,25,0
"эиг","2014-08-24 23:03:05.648634504 +0000 UTC",1,-9,2,-11,3,3,4,6,5,-4,6,5,7,-7,8,-6,9,5,10,5,11,-8,12,-7,13,-2,14,0,15,-7,16,-8,17,-5,18,-8,19,-3,20,-6,21,-6,22,-7,23,-3,24,-3,25,4
"нрп","2014-08-24 23:03:05.808799827 +0000 UTC",1,-2,2,-5,3,7,4,10,5,4,6,-2,7,-2,8,-4,9,4,10,1,11,0,12,3,13,5,14,2,15,4,16,-4,17,0,18,4,19,0,20,0,21,4,22,-3,23,5,24,-5,25,-1
"овт","2014-08-24 23:03:07.004616445 +0000 UTC",1,-7,2,-11,3,3,4,6,5,-2,6,-5,7,-11,8,-9,9,1,10,0,11,-5,12,-5,13,-1,14,-1,15,0,16,-10,17,-5,18,-7,19,-3,20,-8,21,-2,22,-7,23,-1,24,-10,25,-3
"тъче","2014-08-24 23:03:17.297297067 +0000 UTC",1,-12,2,-10,3,-8,4,-10,5,-7,6,-10,7,-11,8,-9,9,-11,10,-14,11,-11,12,-7,13,-10,14,-8,15,-9,16,-10,17,-5,18,-5,19,-9,20,-3,21,-4,22,-9,23,-8,24,-10,25,-12
"ььэ*ы","2014-08-24 23:03:11.799736352 +0000 UTC",1,-9,2,-12,3,4,4,6,5,-4,6,6,7,-7,8,-6,9,6,10,7,11,-8,12,-7,13,-2,14,0,15,-7,16,-8,17,-4,18,-9,19,-3,20,-7,21,-7,22,-7,23,-4,24,-4,25,5
"ч","2014-08-24 23:02:52.0226622 +0000 UTC",1,-30,2,-30,3,-30,4,-30,5,-30,6,-30,7,-30,8,-30,9,-30,10,-30,11,-30,12,-30,13,-30,14,-30,15,-30,16,-30,17,-30,18,-30,19,-30,20,-30,21,-30,22,-30,23,-30,24,-30,25,-30
"и*к","2014-08-24 23:02:55.28892762 +0000 UTC",1,-11,2,2,3,-10,4,-9,5,-8,6,-1,7,-10,8,3,9,2,10,4,11,-8,12,-7,13,-8,14,-4,15,-7,16,0,17,-2,18,-5,19,-5,20,3,21,-3,22,0,23,-5,24,8,25,2
"ьф","2014-08-24 23:02:56.213146309 +0000 UTC",1,10,2,-2,3,5,4,2,5,10,6,10,7,2,8,5,9,2,10,4,11,9,12,10,13,7,14,7,15,14,16,4,17,14,18,5,19,13,20,16,21,7,22,5,23,7,24,7,25,9
"кйь","2014-08-24 23:03:03.503279545 +0000 UTC",1,0,2,4,3,4,4,3,5,2,6,-4,7,5,8,5,9,1,10,-10,11,1,12,9,13,-1,14,1,15,2,16,1,17,4,18,9,19,4,20,4,21,10,22,2,23,2,24,5,25,-10
"яют","2014-08-24 23:03:04.562877348 +0000 UTC",1,-11,2,-4,3,-6,4,-2,5,-8,6,0,7,-8,8,-3,9,0,10,3,11,-14,12,-6,13,-8,14,-4,15,-9,16,-5,17,-9,18,-9,19,-8,20,-2,21,-1,22,-8,23,-6,24,-3,25,0
"эюч","2014-08-24 23:03:07.586246736 +0000 UTC",1,-11,2,-10,3,0,4,0,5,-6,6,4,7,-8,8,-5,9,3,10,5,11,-10,12,-8,13,-5,14,-2,15,-9,16,-8,17,-5,18,-10,19,-5,20,-6,21,-8,22,-7,23,-5,24,-3,25,3
"кеёэ","2014-08-24 23:03:11.579419078 +0000 UTC",1,3,2,7,3,-4,4,-3,5,0,6,0,7,2,8,11,9,-5,10,-7,11,1,12,5,13,-3,14,-4,15,-1,16,6,17,5,18,4,19,1,20,10,21,10,22,4,23,0,24,7,25,-4
"р","2014-08-24 23:02:51.684606216 +0000 UTC",1,0,2,-9,3,15,4,16,5,7,6,-10,7,0,8,-17,9,10,10,-2,11,0,12,10,13,10,14,-4,15,15,16,-12,17,-9,18,10,19,-2,20,-12,21,-5,22,-16,23,10,24,-15,25,-10
"йяв","2014-08-24 23:03:03.191797424 +0000 UTC",1,-2,2,3,3,0,4,3,5,-4,6,-7,7,3,8,-1,9,-3,10,-8,11,-4,12,1,13,-5,14,-4,15,-5,16,-2,17,-7,18,0,19,-3,20,-4,21,8,22,-1,23,0,24,-2,25,-8
"пщж","2014-08-24 23:03:03.295306275 +0000 UTC",1,5,2,4,3,1,4,0,5,8,6,6,7,6,8,8,9,-7,10,1,11,7,12,13,13,3,14,4,15,11,16,10,17,7,18,6,19,9,20,9,21,2,22,5,23,4,24,5,25,2
"акю","2014-08-24 23:03:04.993341559 +0000 UTC",1,-2,2,4,3,-7,4,-6,5,-2,6,0,7,0,8,10,9,-4,10,-2,11,-4,12,0,13,-6,14,-4,15,-4,16,2,17,0,18,-1,19,-1,20,6,21,4,22,1,23,-4,24,5,25,-2
"эця","2014-08-24 23:03:05.859302176 +0000 UTC",1,-6,2,-8,3,3,4,5,5,-3,6,5,7,-5,8,-4,9,5,10,4,11,-7,12,-4,13,-2,14,0,15,-5,16,-5,17,-3,18,-6,19,-2,20,-4,21,-4,22,-5,23,-2,24,-2,25,2
"с","2014-08-24 23:02:51.735984722 +0000 UTC",1,5,2,5,3,2,4,0,5,-5,6,2,7,0,8,0,9,2,10,0,11,9,12,5,13,-5,14,0,15,2,16,5,17,7,18,0,19,5,20,7,21,7,22,10,23,9,24,5,25,5
"жьп","2014-08-24 23:03:04.67907515 +0000 UTC",1,5,2,4,3,4,4,5,5,10,6,4,7,-2,8,10,9,0,10,-11,11,5,12,10,13,0,14,9,15,7,16,5,17,10,18,7,19,7,20,15,21,14,22,7,23,2,24,5,25,-2
"иъг","2014-08-24 23:03:05.199644857 +0000 UTC",1,-6,2,0,3,-2,4,0,5,-4,6,-1,7,-8,8,-2,9,3,10,0,11,-6,12,-2,13,-5,14,-3,15,-3,16,0,17,-4,18,0,19,-3,20,2,21,1,22,-1,23,0,24,2,25,-1
"лух","2014-08-24 23:03:08.229357288 +0000 UTC",1,-1,2,-4,3,3,4,5,5,5,6,0,7,0,8,-3,9,5,10,6,11,0,12,0,13,0,14,2,15,1,16,0,17,1,18,2,19,1,20,0,21,2,22,-3,23,3,24,-3,25,5
"црф","2014-08-24 23:03:08.661939571 +0000 UTC",1,9,2,3,3,3,4,3,5,6,6,5,7,3,8,6,9,4,10,-3,11,3,12,9,13,3,14,7,15,6,16,6,17,8,18,8,19,7,20,13,21,8,22,5,23,6,24,6,25,0
"дямъ","2014-08-24 23:03:08.711252874 +0000 UTC",1,-4,2,3,3,-3,4,-1,5,-7,6,-6,7,1,8,-1,9,-3,10,-4,11,-4,12,-2,13,-2,14,-6,15,-4,16,1,17,-7,18,0,19,-6,20,-3,21,9,22,-5,23,-12,24,0,25,-3
"т","2014-08-24 23:02:51.782416868 +0000 UTC",1,0,2,0,3,5,4,0,5,10,6,2,7,2,8,4,9,-2,10,-10,11,2,12,7,13,2,14,5,15,4,16,2,17,7,18,10,19,2,20,14,21,14,22,5,23,4,24,2,25,-5
"-","2014-08-24 23:02:52.705899573 +0000 UTC",1,-30,2,-30,3,-30,4,-30,5,-30,6,-30,7,-30,8,-30,9,-30,10,-30,11,-30,12,-30,13,-30,14,-30,15,-30,16,-30,17,-30,18,-30,19,-30,20,-30,21,-30,22,-30,23,-30,24,-30,25,-30
"ори","2014-08-24 23:03:03.777582776 +0000 UTC",1,-9,2,-4,3,0,4,0,5,-5,6,-7,7,-5,8,-4,9,1,10,0,11,-2,12,-2,13,-2,14,-3,15,0,16,-6,17,-10,18,-2,19,-7,20,-9,21,-3,22,-7,23,0,24,-5,25,-4
"юлз","2014-08-24 23:03:06.585670228 +0000 UTC",1,-11,2,0,3,-9,4,-11,5,-6,6,3,7,-3,8,6,9,-1,10,5,11,-12,12,-4,13,-7,14,-4,15,-8,16,-2,17,-5,18,-8,19,-5,20,1,21,-3,22,-2,23,-6,24,3,25,2
"ртф","2014-08-24 23:03:07.1054112 +0000 UTC",1,7,2,-3,3,7,4,6,5,9,6,5,7,2,8,0,9,3,10,1,11,6,12,10,13,7,14,5,15,14,16,0,17,8,18,7,19,8,20,9,21,5,22,0,23,8,24,2,25,4
"у","2014-08-24 23:02:51.833342664 +0000 UTC",1,0,2,-7,3,0,4,7,5,5,6,2,7,-12,8,-2,9,5,10,13,11,0,12,-12,13,-7,14,10,15,5,16,5,17,7,18,-4,19,7,20,-7,21,-11,22,-7,23,2,24,0,25,10
"яьш","2014-08-24 23:03:04.623391496 +0000 UTC",1,-7,2,-6,3,-1,4,4,5,-5,6,-1,7,-9,8,-9,9,0,10,1,11,-11,12,-4,13,-6,14,-2,15,-4,16,-5,17,-7,18,-6,19,-7,20,-2,21,0,22,-10,23,-3,24,-8,25,1
"ытц","2014-08-24 23:03:06.791128239 +0000 UTC",1,7,2,-5,3,5,4,5,5,6,6,7,7,2,8,0,9,8,10,5,11,4,12,0,13,3,14,7,15,4,16,3,17,6,18,3,19,5,20,1,21,0,22,1,23,0,24,0,25,3
"раг","2014-08-24 23:03:06.847635669 +0000 UTC",1,-1,2,-7,3,12,4,14,5,5,6,-7,7,-1,8,-13,9,8,10,-4,11,-1,12,7,13,6,14,-2,15,10,16,-9,17,-7,18,7,19,-2,20,-7,21,-1,22,-11,23,7,24,-12,25,-8
"акэ","2014-08-24 23:03:06.954132325 +0000 UTC",1,-10,2,-10,3,2,4,6,5,-4,6,1,7,-8,8,-5,9,4,10,4,11,-7,12,-7,13,-3,14,0,15,-5,16,-8,17,-4,18,-9,19,-4,20,-7,21,-7,22,-7,23,-4,24,-4,25,2
"ыьзг","2014-08-24 23:03:10.013290762 +0000 UTC",1,4,2,-10,3,7,4,8,5,5,6,6,7,0,8,-5,9,8,10,8,11,5,12,-1,13,3,14,4,15,4,16,0,17,2,18,1,19,3,20,-4,21,-4,22,-1,23,0,24,-4,25,5
"зм","2014-08-24 23:02:54.30253773 +0000 UTC",1,0,2,-1,3,4,4,5,5,-4,6,0,7,0,8,-6,9,6,10,-1,11,2,12,8,13,2,14,-4,15,4,16,-1,17,-3,18,4,19,-3,20,-4,21,0,22,0,23,5,24,-1,25,2
"сю","2014-08-24 23:02:55.553284702 +0000 UTC",1,-2,2,6,3,-10,4,-12,5,-6,6,4,7,1,8,9,9,0,10,3,11,-6,12,0,13,-9,14,-2,15,-6,16,4,17,1,18,-5,19,0,20,7,21,0,22,6,23,-3,24,8,25,0
"чь","2014-08-24 23:02:56.163663153 +0000 UTC",1,-30,2,-30,3,-30,4,-30,5,-30,6,-30,7,-30,8,-30,9,-30,10,-30,11,-30,12,-30,13,-30,14,-30,15,-30,16,-30,17,-30,18,-30,19,-30,20,-30,21,-30,22,-30,23,-30,24,-30,25,-30
"шу","2014-08-24 23:03:01.991000501 +0000 UTC",1,8,2,0,3,1,4,0,5,11,6,5,7,-1,8,3,9,0,10,2,11,4,12,7,13,2,14,6,15,11,16,9,17,13,18,3,19,7,20,13,21,0,22,1,23,3,24,-3,25,5
"ьаду","2014-08-24 23:03:09.424014332 +0000 UTC",1,-4,2,-9,3,5,4,10,5,2,6,-2,7,-10,8,-5,9,5,10,4,11,-4,12,-6,13,-3,14,3,15,1,16,-1,17,-1,18,-2,19,0,20,-7,21,-5,22,-9,23,0,24,-5,25,1
"бтус","2014-08-24 23:03:17.630548604 +0000 UTC",1,-4,2,-7,3,9,4,10,5,2,6,-6,7,-1,8,-6,9,6,10,-6,11,-2,12,0,13,-4,14,0,15,2,16,-5,17,-5,18,2,19,-2,20,-7,21,5,22,-6,23,3,24,-10,25,-5
"ка","2014-08-24 23:02:59.9817172 +0000 UTC",1,-2,2,0,3,4,4,5,5,4,6,-2,7,1,8,5,9,3,10,-8,11,2,12,8,13,0,14,3,15,6,16,1,17,7,18,10,19,5,20,6,21,7,22,0,23,0,24,5,25,-8
"ьжэй","2014-08-24 23:03:11.294637021 +0000 UTC",1,-3,2,-6,3,5,4,4,5,-1,6,2,7,0,8,-4,9,0,10,2,11,-2,12,0,13,0,14,-1,15,-1,16,-3,17,-4,18,-4,19,0,20,-5,21,-2,22,-7,23,1,24,-4,25,1
"гтбт","2014-08-24 23:03:11.911150942 +0000 UTC",1,0,2,-4,3,8,4,11,5,3,6,-3,7,-2,8,-7,9,5,10,-8,11,-2,12,5,13,0,14,0,15,2,16,-2,17,-4,18,9,19,0,20,1,21,9,22,-2,23,6,24,-6,25,-8
"пъчм","2014-08-24 23:03:12.349685786 +0000 UTC",1,-2,2,-3,3,-2,4,0,5,2,6,0,7,-6,8,2,9,-4,10,-11,11,0,12,1,13,-4,14,1,15,0,16,0,17,3,18,0,19,0,20,5,21,4,22,0,23,-3,24,-2,25,-5
"эх-ш","2014-08-24 23:03:16.372469511 +0000 UTC",1,-6,2,-9,3,4,4,5,5,-2,6,6,7,-6,8,-5,9,5,10,6,11,-6,12,-4,13,-1,14,0,15,-4,16,-5,17,-2,18,-7,19,-1,20,-4,21,-5,22,-5,23,-2,24,-3,25,5
"ыюфр","2014-08-24 23:03:17.13306664 +0000 UTC",1,3,2,-5,3,2,4,1,5,5,6,8,7,0,8,1,9,4,10,7,11,3,12,2,13,3,14,4,15,5,16,1,17,6,18,0,19,6,20,5,21,0,22,0,23,0,24,2,25,6
"оз","2014-08-24 23:02:52.756946054 +0000 UTC",1,-5,2,-7,3,3,4,5,5,-6,6,-4,7,-7,8,-10,9,6,10,0,11,-3,12,0,13,-1,14,-3,15,2,16,-7,17,-8,18,-4,19,-4,20,-9,21,-6,22,-5,23,2,24,-6,25,0
"вл","2014-08-24 23:02:56.113049826 +0000 UTC",1,-3,2,-8,3,5,4,7,5,0,6,-5,7,-3,8,-10,9,-2,10,-3,11,-1,12,2,13,2,14,-3,15,0,16,-11,17,-3,18,0,19,-6,20,-7,21,7,22,-5,23,0,24,-11,25,-1
"кг","2014-08-24 23:02:56.745404005 +0000 UTC",1,0,2,0,3,6,4,7,5,4,6,-2,7,0,8,1,9,4,10,-9,11,1,12,9,13,0,14,2,15,5,16,1,17,4,18,12,19,4,20,6,21,10,22,1,23,4,24,2,25,-9
"жчещ","2014-08-24 23:03:11.070134376 +0000 UTC",1,3,2,-2,3,2,4,-2,5,5,6,1,7,7,8,0,9,-10,10,3,11,6,12,11,13,5,14,-2,15,10,16,6,17,1,18,2,19,5,20,1,21,-2,22,-3,23,5,24,-2,25,1
"тючц","2014-08-24 23:03:11.418522588 +0000 UTC",1,-1,2,3,3,-7,4,-7,5,-1,6,1,7,0,8,6,9,-2,10,-3,11,-6,12,1,13,-4,14,0,15,-3,16,1,17,0,18,0,19,0,20,6,21,3,22,2,23,-3,24,4,25,-3
"йб","2014-08-24 23:03:00.177443754 +0000 UTC",1,-2,2,4,3,3,4,4,5,-2,6,-8,7,7,8,0,9,-1,10,-11,11,-2,12,3,13,-4,14,-3,15,-4,16,-1,17,-6,18,2,19,-1,20,-4,21,10,22,0,23,2,24,-2,25,-10
"ивъф","2014-08-24 23:03:10.455382966 +0000 UTC",1,5,2,-1,3,2,4,1,5,6,6,8,7,0,8,4,9,1,10,3,11,5,12,7,13,4,14,5,15,9,16,2,17,10,18,3,19,8,20,13,21,5,22,3,23,5,24,7,25,7
"кбуп","2014-08-24 23:03:16.792839368 +0000 UTC",1,0,2,-1,3,5,4,7,5,5,6,-2,7,0,8,2,9,4,10,-6,11,1,12,4,13,-2,14,4,15,6,16,1,17,4,18,7,19,4,20,2,21,6,22,-1,23,2,24,0,25,-5
"щжоэ","2014-08-24 23:03:16.852758399 +0000 UTC",1,2,2,3,3,0,4,-2,5,5,6,8,7,7,8,7,9,-8,10,7,11,4,12,10,13,3,14,2,15,9,16,9,17,6,18,3,19,9,20,6,21,-3,22,6,23,2,24,6,25,4
"об","2014-08-24 23:02:54.027049015 +0000 UTC",1,-9,2,-12,3,7,4,10,5,-2,6,-9,7,-7,8,-10,9,7,10,-3,11,-7,12,-5,13,-4,14,0,15,0,16,-11,17,-10,18,-4,19,-4,20,-12,21,-1,22,-10,23,0,24,-13,25,-6
"нв","2014-08-24 23:03:02.721870516 +0000 UTC",1,-4,2,-9,3,5,4,9,5,0,6,-3,7,-4,8,-7,9,1,10,5,11,-2,12,0,13,5,14,0,15,0,16,-8,17,-2,18,0,19,-2,20,-5,21,4,22,-3,23,2,24,-7,25,1
"я*юя","2014-08-24 23:03:04.890551373 +0000 UTC",1,-12,2,-5,3,-5,4,-1,5,-9,6,-1,7,-9,8,-5,9,0,10,3,11,-15,12,-7,13,-9,14,-5,15,-9,16,-6,17,-10,18,-10,19,-9,20,-4,21,-1,22,-9,23,-6,24,-4,25,0
"хруь","2014-08-24 23:03:16.602884419 +0000 UTC",1,9,2,1,3,6,4,7,5,10,6,6,7,0,8,2,9,4,10,6,11,7,12,9,13,2,14,4,15,10,16,7,17,9,18,7,19,8,20,8,21,5,22,1,23,5,24,2,25,6
"зуче","2014-08-24 23:03:17.246250656 +0000 UTC",1,-3,2,-5,3,0,4,1,5,-6,6,-4,7,-5,8,-9,9,1,10,-3,11,-2,12,1,13,-3,14,-6,15,1,16,-4,17,-5,18,0,19,-5,20,-7,21,-5,22,-5,23,1,24,-4,25,-1
"тш","2014-08-24 23:02:55.922066813 +0000 UTC",1,5,2,1,3,3,4,0,5,11,6,4,7,1,8,4,9,-2,10,-4,11,3,12,9,13,3,14,5,15,8,16,6,17,11,18,7,19,5,20,15,21,8,22,3,23,4,24,0,25,0
"тш","2014-08-24 23:03:00.791461206 +0000 UTC",1,5,2,1,3,3,4,0,5,11,6,4,7,1,8,4,9,-2,10,-4,11,3,12,9,13,3,14,5,15,8,16,6,17,11,18,7,19,5,20,15,21,8,22,3,23,4,24,0,25,0
"юф","2014-08-24 23:02:56.649588506 +0000 UTC",1,-4,2,0,3,-5,4,-8,5,-1,6,6,7,-1,8,7,9,0,10,5,11,-6,12,0,13,-3,14,0,15,-2,16,0,17,1,18,-4,19,0,20,7,21,0,22,0,23,-2,24,5,25,4
"ър","2014-08-24 23:03:02.053242658 +0000 UTC",1,0,2,-9,3,15,4,16,5,7,6,-10,7,0,8,-17,9,10,10,-2,11,0,12,10,13,10,14,-4,15,15,16,-12,17,-9,18,10,19,-2,20,-12,21,-5,22,-16,23,10,24,-15,25,-10
"йёе","2014-08-24 23:03:03.875169517 +0000 UTC",1,-2,2,6,3,0,4,1,5,-4,6,-7,7,6,8,1,9,-3,10,-9,11,-3,12,2,13,-5,14,-4,15,-6,16,0,17,-5,18,0,19,-1,20,-2,21,8,22,0,23,1,24,0,25,-9
"хшыь","2014-08-24 23:03:09.523515279 +0000 UTC",1,10,2,1,3,5,4,5,5,10,6,7,7,0,8,2,9,4,10,7,11,8,12,9,13,3,14,4,15,10,16,8,17,10,18,7,19,9,20,10,21,5,22,2,23,3,24,1,25,7
"чъ","2014-08-24 23:02:53.234231988 +0000 UTC",1,-30,2,-30,3,-30,4,-30,5,-30,6,-30,7,-30,8,-30,9,-30,10,-30,11,-30,12,-30,13,-30,14,-30,15,-30,16,-30,17,-30,18,-30,19,-30,20,-30,21,-30,22,-30,23,-30,24,-30,25,-30
"чъ","2014-08-24 23:03:00.07967375 +0000 UTC",1,-30,2,-30,3,-30,4,-30,5,-30,6,-30,7,-30,8,-30,9,-30,10,-30,11,-30,12,-30,13,-30,14,-30,15,-30,16,-30,17,-30,18,-30,19,-30,20,-30,21,-30,22,-30,23,-30,24,-30,25,-30
"чъ","2014-08-24 23:03:01.466313517 +0000 UTC",1,-30,2,-30,3,-30,4,-30,5,-30,6,-30,7,-30,8,-30,9,-30,10,-30,11,-30,12,-30,13,-30,14,-30,15,-30,16,-30,17,-30,18,-30,19,-30,20,-30,21,-30,22,-30,23,-30,24,-30,25,-30
"лщ","2014-08-24 23:03:02.620169642 +0000 UTC",1,0,2,2,3,0,4,-1,5,5,6,4,7,7,8,4,9,-5,10,6,11,1,12,7,13,3,14,2,15,6,16,5,17,3,18,4,19,5,20,3,21,0,22,4,23,2,24,2,25,4
"бтаъ","2014-08-24 23:03:10.96388831 +0000 UTC",1,-6,2,-8,3,10,4,11,5,1,6,-9,7,0,8,-7,9,6,10,-10,11,-4,12,1,13,-3,14,0,15,1,16,-8,17,-9,18,3,19,-4,20,-8,21,7,22,-8,23,2,24,-12,25,-9
"йоью","2014-08-24 23:03:12.744542042 +0000 UTC",1,-6,2,4,3,-4,4,-4,5,-5,6,-2,7,2,8,4,9,-2,10,-3,11,-7,12,0,13,-6,14,-4,15,-7,16,-1,17,-5,18,-3,19,-2,20,-1,21,3,22,0,23,-2,24,1,25,-5
"я*су","2014-08-24 23:03:05.144997715 +0000 UTC",1,-9,2,-7,3,-2,4,5,5,-8,6,-2,7,-11,8,-10,9,0,10,3,11,-12,12,-7,13,-8,14,-2,15,-6,16,-5,17,-9,18,-8,19,-8,20,-6,21,0,22,-11,23,-3,24,-7,25,1
"пбыщ","2014-08-24 23:03:16.090447927 +0000 UTC",1,3,2,2,3,2,4,1,5,7,6,6,7,4,8,6,9,-3,10,1,11,5,12,8,13,2,14,5,15,9,16,7,17,7,18,5,19,7,20,7,21,2,22,5,23,2,24,3,25,1
"да*лж","2014-08-24 23:03:17.450415975 +0000 UTC",1,-3,2,-8,3,9,4,9,5,2,6,-4,7,0,8,-8,9,1,10,0,11,-1,12,4,13,2,14,-1,15,1,16,-3,17,-6,18,2,19,-2,20,-5,21,1,22,-10,23,3,24,-8,25,-2
"пм","2014-08-24 23:02:53.120444822 +0000 UTC",1,3,2,2,3,3,4,5,5,8,6,5,7,-1,8,8,9,1,10,-7,11,5,12,7,13,1,14,8,15,5,16,5,17,10,18,6,19,7,20,12,21,12,22,6,23,2,24,2,25,0
"сц","2014-08-24 23:03:00.496281197 +0000 UTC",1,8,2,6,3,2,4,2,5,1,6,3,7,2,8,5,9,5,10,-4,11,3,12,7,13,-1,14,4,15,2,16,7,17,6,18,6,19,5,20,11,21,9,22,7,23,7,24,5,25,-1
"ил","2014-08-24 23:03:00.590507741 +0000 UTC",1,-11,2,-1,3,-6,4,-5,5,-6,6,-2,7,-6,8,0,9,3,10,5,11,-9,12,-7,13,-5,14,-3,15,-7,16,-3,17,-4,18,-5,19,-6,20,0,21,-2,22,-2,23,-2,24,2,25,4
"ющ","2014-08-24 23:03:01.836153022 +0000 UTC",1,-7,2,2,3,-9,4,-11,5,-3,6,5,7,0,8,9,9,-4,10,6,11,-8,12,0,13,-5,14,-2,15,-4,16,2,17,-1,18,-5,19,0,20,4,21,-3,22,1,23,-5,24,5,25,2
"ийжд","2014-08-24 23:03:09.089393138 +0000 UTC",1,-2,2,-1,3,2,4,0,5,0,6,-2,7,1,8,-2,9,-2,10,0,11,0,12,4,13,0,14,-3,15,0,16,1,17,-4,18,0,19,-1,20,-1,21,1,22,-5,23,3,24,-1,25,-1
"оюбу","2014-08-24 23:03:12.4670169 +0000 UTC",1,-9,2,-4,3,-3,4,-3,5,-3,6,0,7,-6,8,0,9,1,10,4,11,-10,12,-6,13,-7,14,-1,15,-4,16,-3,17,-5,18,-7,19,-2,20,-3,21,-4,22,-5,23,-4,24,-2,25,0
"ц-","2014-08-24 23:03:02.207765096 +0000 UTC",1,10,2,7,3,2,4,2,5,5,6,4,7,4,8,7,9,5,10,-7,11,0,12,9,13,0,14,7,15,2,16,7,17,5,18,9,19,5,20,13,21,10,22,7,23,5,24,5,25,-5
"ттж","2014-08-24 23:03:05.509702289 +0000 UTC",1,4,2,-3,3,8,4,1,5,8,6,0,7,6,8,-1,9,-4,10,-1,11,6,12,12,13,6,14,0,15,9,16,4,17,2,18,6,19,4,20,5,21,5,22,-4,23,8,24,-2,25,0
"язаъ","2014-08-24 23:03:09.201903048 +0000 UTC",1,-9,2,-7,3,-1,4,5,5,-9,6,-3,7,-9,8,-11,9,1,10,1,11,-12,12,-4,13,-6,14,-5,15,-5,16,-7,17,-12,18,-7,19,-10,20,-7,21,0,22,-11,23,-3,24,-8,25,0
"кхн-","2014-08-24 23:03:09.312208701 +0000 UTC",1,4,2,2,3,5,4,5,5,7,6,2,7,2,8,4,9,4,10,0,11,5,12,10,13,1,14,3,15,8,16,5,17,9,18,10,19,8,20,9,21,9,22,2,23,3,24,5,25,-1
"лйбб","2014-08-24 23:03:11.236774463 +0000 UTC",1,-6,2,-5,3,5,4,7,5,0,6,-7,7,2,8,-6,9,4,10,-3,11,-5,12,0,13,-1,14,-1,15,-2,16,-7,17,-7,18,2,19,-4,20,-7,21,6,22,-6,23,2,24,-9,25,-3
"жз","2014-08-24 23:02:54.653212684 +0000 UTC",1,6,2,-5,3,9,4,2,5,6,6,0,7,8,8,-5,9,-5,10,3,11,8,12,14,13,8,14,-3,15,12,16,4,17,-1,18,4,19,3,20,-1,21,0,22,-9,23,10,24,-6,25,1
"яьяэ","2014-08-24 23:03:11.631964629 +0000 UTC",1,-11,2,-10,3,0,4,5,5,-8,6,0,7,-10,8,-10,9,2,10,4,11,-13,12,-7,13,-6,14,-2,15,-8,16,-9,17,-10,18,-10,19,-8,20,-7,21,-3,22,-11,23,-5,24,-7,25,2
"тщ--","2014-08-24 23:03:20.963879792 +0000 UTC",1,4,2,6,3,-1,4,-3,5,8,6,8,7,8,8,10,9,-10,10,4,11,6,12,12,13,3,14,4,15,11,16,11,17,8,18,6,19,10,20,10,21,0,22,9,23,3,24,8,25,3
"йпящ","2014-08-24 23:03:11.471810062 +0000 UTC",1,1,2,7,3,-2,4,-2,5,1,6,1,7,6,8,6,9,-6,10,-2,11,1,12,7,13,-1,14,0,15,0,16,6,17,2,18,2,19,5,20,5,21,5,22,5,23,0,24,5,25,-2
"вбхъ","2014-08-24 23:03:12.640564347 +0000 UTC",1,2,2,-4,3,7,4,8,5,4,6,-1,7,-2,8,-5,9,0,10,-2,11,2,12,6,13,1,14,0,15,5,16,-3,17,0,18,3,19,0,20,-1,21,7,22,-2,23,1,24,-6,25,-1
"пп","2014-08-24 23:02:54.404869619 +0000 UTC",1,5,2,4,3,4,4,5,5,10,6,4,7,-2,8,10,9,0,10,-11,11,5,12,10,13,0,14,9,15,7,16,5,17,10,18,7,19,7,20,15,21,14,22,7,23,2,24,5,25,-2
"оо","2014-08-24 23:02:55.13664827 +0000 UTC",1,-13,2,-17,3,2,4,7,5,-7,6,-7,7,-17,8,-12,9,7,10,5,11,-11,12,-15,13,-5,14,0,15,-2,16,-13,17,-12,18,-16,19,-2,20,-16,21,-12,22,-12,23,-2,24,-12,25,-2
"ъю","2014-08-24 23:03:02.102001632 +0000 UTC",1,-12,2,0,3,-11,4,-13,5,-7,6,4,7,-4,8,7,9,-2,10,5,11,-13,12,-5,13,-9,14,-5,15,-10,16,-2,17,-5,18,-10,19,-5,20,2,21,-4,22,-2,23,-7,24,4,25,2
"хпро","2014-08-24 23:03:09.372666836 +0000 UTC",1,9,2,2,3,6,4,6,5,10,6,5,7,0,8,2,9,4,10,4,11,7,12,10,13,3,14,3,15,10,16,7,17,9,18,8,19,8,20,9,21,7,22,2,23,5,24,2,25,4
"кдэч","2014-08-24 23:03:11.017340609 +0000 UTC",1,-8,2,-9,3,2,4,2,5,-3,6,-1,7,-6,8,-5,9,1,10,-2,11,-7,12,-3,13,-4,14,-2,15,-5,16,-7,17,-3,18,-3,19,-3,20,-5,21,-3,22,-7,23,-4,24,-3,25,-4
"гд","2014-08-24 23:02:54.827326194 +0000 UTC",1,0,2,-4,3,8,4,12,5,2,6,-2,7,-4,8,-8,9,5,10,-7,11,-2,12,5,13,0,14,0,15,1,16,-2,17,-5,18,9,19,0,20,1,21,8,22,-2,23,7,24,-6,25,-7
"-с","2014-08-24 23:03:01.419508978 +0000 UTC",1,5,2,5,3,2,4,0,5,-5,6,2,7,0,8,0,9,2,10,0,11,9,12,5,13,-5,14,0,15,2,16,5,17,7,18,0,19,5,20,7,21,7,22,10,23,9,24,5,25,5
"мтиэ","2014-08-24 23:03:17.025018673 +0000 UTC",1,-7,2,-6,3,1,4,3,5,-1,6,6,7,-3,8,-1,9,5,10,5,11,-3,12,-4,13,0,14,2,15,-6,16,-4,17,0,18,-4,19,1,20,-2,21,-2,22,-2,23,-3,24,-2,25,6
"ътх-","2014-08-24 23:03:21.02351422 +0000 UTC",1,9,2,3,3,5,4,5,5,10,6,7,7,1,8,4,9,3,10,4,11,8,12,11,13,2,14,4,15,10,16,9,17,10,18,9,19,9,20,12,21,8,22,4,23,4,24,3,25,5
"ге","2014-08-24 23:03:02.305801684 +0000 UTC",1,5,2,8,3,-4,4,-2,5,-1,6,-1,7,4,8,0,9,-5,10,-5,11,-1,12,1,13,-1,14,-5,15,-7,16,7,17,-6,18,5,19,-2,20,0,21,8,22,3,23,0,24,2,25,-3
"мк","2014-08-24 23:03:02.669595668 +0000 UTC",1,-4,2,-3,3,2,4,5,5,3,6,7,7,1,8,2,9,7,10,4,11,4,12,0,13,6,14,5,15,-3,16,0,17,6,18,3,19,8,20,2,21,4,22,2,23,-2,24,-5,25,7
"абдг","2014-08-24 23:03:11.683399636 +0000 UTC",1,-6,2,-8,3,7,4,11,5,0,6,-6,7,-6,8,-7,9,5,10,-5,11,-5,12,0,13,-2,14,-1,15,0,16,-6,17,-8,18,0,19,-5,20,-6,21,2,22,-7,23,0,24,-10,25,-6
"ё","2014-08-24 23:02:52.659841427 +0000 UTC",1,-7,2,0,3,-5,4,-7,5,-5,6,4,7,-12,8,-2,9,0,10,7,11,-9,12,-5,13,-4,14,-2,15,-9,16,-2,17,-5,18,-5,19,-4,20,-5,21,-7,22,-5,23,-7,24,-4,25,2
"км","2014-08-24 23:02:52.853552156 +0000 UTC",1,-1,2,1,3,5,4,5,5,5,6,0,7,3,8,5,9,4,10,-6,11,4,12,8,13,1,14,4,15,4,16,2,17,9,18,10,19,8,20,7,21,9,22,2,23,0,24,4,25,-5
"йп","2014-08-24 23:02:54.603177852 +0000 UTC",1,0,2,7,3,1,4,2,5,-2,6,-6,7,7,8,3,9,-3,10,-11,11,0,12,4,13,-4,14,-2,15,-4,16,0,17,-3,18,2,19,0,20,0,21,11,22,2,23,2,24,0,25,-9
"эя","2014-08-24 23:03:00.231609271 +0000 UTC",1,-10,2,-11,3,3,4,5,5,-5,6,5,7,-8,8,-7,9,5,10,6,11,-9,12,-7,13,-3,14,0,15,-8,16,-9,17,-5,18,-10,19,-4,20,-7,21,-7,22,-8,23,-4,24,-4,25,4
"лт","2014-08-24 23:03:00.694587614 +0000 UTC",1,-8,2,-7,3,3,4,4,5,1,6,-4,7,2,8,-7,9,5,10,3,11,-6,12,-2,13,2,14,0,15,-4,16,-9,17,-4,18,1,19,-4,20,-5,21,4,22,-5,23,3,24,-7,25,3
"гуут","2014-08-24 23:03:11.743395423 +0000 UTC",1,1,2,-4,3,5,4,10,5,4,6,0,7,-5,8,-5,9,5,10,-2,11,-1,12,1,13,-1,14,2,15,3,16,0,17,-1,18,6,19,2,20,0,21,4,22,-2,23,6,24,-4,25,-3
"гжсц","2014-08-24 23:03:11.852801451 +0000 UTC",1,5,2,0,3,6,4,6,5,4,6,0,7,1,8,-1,9,3,10,-5,11,1,12,8,13,1,14,1,15,4,16,3,17,0,18,8,19,2,20,5,21,7,22,0,23,7,24,-1,25,-4
"хуок","2014-08-24 23:03:20.817791373 +0000 UTC",1,8,2,2,3,5,4,6,5,9,6,6,7,0,8,3,9,4,10,6,11,7,12,9,13,1,14,4,15,10,16,8,17,10,18,7,19,9,20,9,21,5,22,2,23,4,24,3,25,6
"фщ","2014-08-24 23:03:01.15253844 +0000 UTC",1,9,2,0,3,3,4,1,5,9,6,10,7,4,8,6,9,0,10,4,11,8,12,11,13,6,14,7,15,13,16,5,17,13,18,5,19,12,20,15,21,6,22,5,23,7,24,8,25,8
"гж","2014-08-24 23:03:01.51582482 +0000 UTC",1,3,2,-4,3,8,4,9,5,4,6,-1,7,0,8,-7,9,2,10,-4,11,1,12,8,13,2,14,-1,15,5,16,0,17,-3,18,8,19,1,20,1,21,6,22,-4,23,8,24,-6,25,-5
"а*ъс","2014-08-24 23:03:03.080723239 +0000 UTC",1,-9,2,-7,3,0,4,5,5,-7,6,-6,7,-11,8,-2,9,2,10,2,11,-5,12,-8,13,-6,14,-2,15,-2,16,-5,17,-5,18,-11,19,-6,20,-5,21,-7,22,-6,23,-5,24,-7,25,0
"ъди*","2014-08-24 23:03:08.500224892 +0000 UTC",1,-9,2,4,3,-9,4,-9,5,-9,6,-3,7,-6,8,2,9,0,10,1,11,-7,12,-6,13,-7,14,-6,15,-6,16,1,17,-5,18,-4,19,-7,20,1,21,0,22,-1,23,-9,24,7,25,0
"ъ-ал","2014-08-24 23:03:09.62575777 +0000 UTC",1,-10,2,-9,3,1,4,5,5,-1,6,-6,7,-2,8,-6,9,4,10,4,11,-7,12,-6,13,0,14,0,15,-4,16,-10,17,-7,18,-3,19,-6,20,-8,21,0,22,-8,23,0,24,-9,25,2
